1747175913.9223049
TobiiStream v2.0.3

SUCCESS: The connection to the GazeTrack Processing library has been correctly set up!

TobiiState Present
TobiiStream 3007346521.2658 569.566837791282 136.215278743559
TobiiStream 3007346551.6879 567.838134405484 133.135292247319
TobiiStream 3007346581.8564 565.860310710062 129.285922296019
TobiiStream 3007346612.2982 546.970479111293 144.987166166637
TobiiStream 3007346641.8041 468.52532767029 214.155906731853
TobiiStream 3007346672.9175 459.867929314296 217.565525856807
TobiiStream 3007346702.4625 455.637413653745 233.253782484498
TobiiStream 3007346732.6347 462.247530404504 225.703575667004
TobiiStream 3007346763.347 458.655629138811 224.256813560728
TobiiStream 3007346791.5591 455.880579263653 220.073539912043
TobiiStream 3007346825.3558 454.363166191088 223.286063340874
TobiiStream 3007346855.3458 452.992269915661 228.698567351539
TobiiStream 3007346886.153 470.170526281267 231.920061125427
TobiiStream 3007346913.8002 594.818292532594 206.206947118247
TobiiStream 3007346946.5918 597.767508773145 204.899186642975
TobiiStream 3007346976.6937 604.911069496244 204.480772836042
TobiiStream 3007347007.1859 604.960667369833 203.192377110289
TobiiStream 3007347036.8181 605.793928787415 206.863234612342
TobiiStream 3007347067.5269 604.854102431473 210.649939353543
TobiiStream 3007347097.6097 605.39537090875 212.898928587565
TobiiStream 3007347127.3323 609.720967033883 212.60434627299
TobiiStream 3007347157.9851 608.802211519321 213.296960935753
TobiiStream 3007347187.96 1114.81028522111 172.498694131836
TobiiStream 3007347218.4412 1133.51174619328 169.814174426264
TobiiStream 3007347248.8392 1126.55601148332 163.817167656248
TobiiStream 3007347279.0403 1119.81738553396 162.305619500839
TobiiStream 3007347306.4356 1120.83473395004 163.315939062263
TobiiStream 3007347339.3516 1117.73265354696 160.395867402044
TobiiStream 3007347367.2086 1117.3326197743 161.688755760482
TobiiStream 3007347399.727 1115.81357481521 160.639909725388
TobiiStream 3007347430.3155 1115.93055982515 160.499423638314
TobiiStream 3007347459.8164 1264.84165172748 177.655368486738
TobiiStream 3007347490.4967 1286.61762547414 179.517894657483
TobiiStream 3007347517.9382 1287.36200783662 182.273247344234
TobiiStream 3007347548.1239 1289.31363931408 188.902623320751
TobiiStream 3007347578.5447 1285.24543072745 183.800206463329
TobiiStream 3007347608.5886 1286.43087626397 183.269131299586
TobiiStream 3007347638.9676 1299.35071560292 178.420117826475
TobiiStream 3007347669.0966 1301.08307690669 175.976323069071
TobiiStream 3007347699.2452 1300.57824240609 172.446773993309
TobiiStream 3007347732.1155 1302.69701772042 171.021966983107
TobiiStream 3007347762.979 1306.08667928889 170.939692481962
TobiiStream 3007347789.7474 1301.21743788509 167.782320891121
TobiiStream 3007347821.5759 1282.77805773848 165.069580679709
TobiiStream 3007347852.7289 892.642988100734 165.717748674971
TobiiStream 3007347882.9424 757.834050476336 171.94352939997
TobiiStream 3007347910.6993 765.233576465125 174.501688883747
TobiiStream 3007347940.8513 772.437805011582 171.810979336097
TobiiStream 3007347971.1011 772.441507235446 171.622102688251
TobiiStream 3007348001.4291 772.303627093557 171.237417246747
TobiiStream 3007348031.5296 619.152214198953 166.742913687959
TobiiStream 3007348064.4411 609.917755363712 169.039177242604
TobiiStream 3007348094.6906 612.262220151666 168.814332158591
TobiiStream 3007348124.5708 609.971310202729 169.991422483333
TobiiStream 3007348154.8558 612.15775581699 167.024105970721
TobiiStream 3007348184.6953 609.962135461277 169.439116492704
TobiiStream 3007348215.2634 611.068848310614 171.461573013268
TobiiStream 3007348245.5883 614.291225465718 170.69172846876
TobiiStream 3007348275.8937 624.026723789215 167.169105758147
TobiiStream 3007348303.5008 700.037588288429 160.723318624611
TobiiStream 3007348333.644 730.90697897979 152.766398311516
TobiiStream 3007348366.0411 728.9148014971 147.457371766552
TobiiStream 3007348394.2821 725.975362424163 139.825453453137
TobiiStream 3007348423.3501 726.24792139019 140.735773805309
TobiiStream 3007348455.49 481.162540238092 152.953965674904
TobiiStream 3007348486.3412 478.072724394001 152.903719248877
TobiiStream 3007348516.7905 479.279801760036 154.499974780561
TobiiStream 3007348547.2775 478.989067686344 152.738260207794
TobiiStream 3007348577.4734 482.85841608103 154.8549478953
TobiiStream 3007348607.8776 482.086255432525 153.442949386423
TobiiStream 3007348638.1444 482.610153383668 151.065068423142
TobiiStream 3007348665.7734 483.492026050851 150.273940298013
TobiiStream 3007348695.7351 483.691220444622 152.449977779183
TobiiStream 3007348728.7368 483.698801391331 155.217204801147
TobiiStream 3007348759.0832 439.432764695991 142.818867539493
TobiiStream 3007348789.3147 434.399591868718 140.879116840385
TobiiStream 3007348819.4696 430.765599958791 148.067717949471
TobiiStream 3007348849.5542 430.611504603224 145.113384812705
TobiiStream 3007348879.7807 426.729082201094 138.103050721764
TobiiStream 3007348909.4582 429.362986858038 141.337768684338
TobiiStream 3007348939.6514 425.808915951718 132.528501936962
TobiiStream 3007348970.2175 425.18057327711 134.766113641665
TobiiStream 3007349000.7231 424.589767505184 133.003613566013
TobiiStream 3007349030.5063 426.154495306654 131.806812864885
TobiiStream 3007349060.5608 426.473642453501 131.975810558556
TobiiStream 3007349090.7491 423.878197867497 132.296411622481
TobiiStream 3007349121.7802 423.596448073255 131.716713066172
TobiiStream 3007349151.331 424.121199914227 129.333651801274
TobiiStream 3007349179.4468 427.258903579963 126.005030413957
TobiiStream 3007349211.5819 428.813827346604 124.549401820979
TobiiStream 3007349241.8232 429.853407226249 126.335641667989
TobiiStream 3007349271.9125 431.442976650124 128.176644327433
TobiiStream 3007349302.1678 547.332115540552 60.6025373803724
TobiiStream 3007349332.7046 564.52970986256 51.1028226869978
TobiiStream 3007349362.8096 561.708068409617 51.3349307679371
TobiiStream 3007349392.9006 560.75608531289 53.2976682351997
TobiiStream 3007349423.1778 558.586758646224 55.0605138033864
TobiiStream 3007349453.8289 557.360701003889 54.54216399229
TobiiStream 3007349483.6285 548.901164489867 65.7127908043143
TobiiStream 3007349513.89 547.854913891265 67.3999676000011
TobiiStream 3007349541.5533 545.490079432631 68.8935991980498
TobiiStream 3007349573.7939 546.415283920451 68.9396186447091
TobiiStream 3007349604.0868 547.79369021765 70.3896396788372
TobiiStream 3007349634.6819 553.379823711589 79.7799948366479
TobiiStream 3007349665.1812 551.432974018076 78.133927220182
TobiiStream 3007349694.9395 551.95812862878 80.7214088417682
TobiiStream 3007349725.0522 551.624201731877 76.2585651753993
TobiiStream 3007349755.6202 548.507187832578 76.9499087397174
TobiiStream 3007349785.3457 548.996791850595 76.9489718976111
TobiiStream 3007349816.0165 550.230179562316 75.800936778161
TobiiStream 3007349846.0123 549.37570903545 74.8562028540535
TobiiStream 3007349876.1366 547.900487171385 75.0730963888354
TobiiStream 3007349906.3535 547.315569227253 75.2975472627166
TobiiStream 3007349936.8286 548.085554689132 76.290722294583
TobiiStream 3007349966.7641 547.257978071785 76.2257689275713
TobiiStream 3007349997.4643 549.53940308351 76.2363899870897
TobiiStream 3007350027.8026 550.794634176267 76.6804885584829
TobiiStream 3007350057.2512 547.153896830179 79.9630109985425
TobiiStream 3007350087.6743 548.018081553449 82.3219715102039
TobiiStream 3007350117.5855 549.51961762939 83.8209373478161
TobiiStream 3007350148.4872 547.772025156534 74.8722110484429
TobiiStream 3007350178.1507 545.966890729867 73.034089076474
TobiiStream 3007350208.0508 544.572152512639 72.7332517108175
TobiiStream 3007350239.195 545.610568784196 75.1200892896573
TobiiStream 3007350269.0871 544.518766120064 75.5293741766059
TobiiStream 3007350299.0461 1113.84872563521 328.771400159666
TobiiStream 3007350327.147 1121.70243457713 329.573540032354
TobiiStream 3007350359.5319 1117.25561872972 314.773074875969
TobiiStream 3007350387.5157 1111.55360048729 314.362897175831
TobiiStream 3007350420.2421 1110.8870543476 313.016619222366
TobiiStream 3007350449.9992 1111.35535747865 309.145006751048
TobiiStream 3007350478.3067 1108.90391696288 306.265410371066
TobiiStream 3007350510.4114 1110.74668318626 304.030782420268
TobiiStream 3007350540.6743 1110.67807130784 304.003718579854
TobiiStream 3007350568.7206 1115.11065662669 302.919648614492
TobiiStream 3007350599.1333 1117.88581687138 304.055899545043
TobiiStream 3007350629.3217 1183.07601206458 224.894419340216
TobiiStream 3007350659.5589 1199.15756643314 203.986878070296
TobiiStream 3007350691.8538 1197.36492598451 204.819352986851
TobiiStream 3007350722.05 1194.54187499772 207.600094475533
TobiiStream 3007350750.2113 1195.62147050413 204.041480441621
TobiiStream 3007350780.4598 1196.42042633783 203.924826221904
TobiiStream 3007350812.2993 1197.31743332003 205.265642702791
TobiiStream 3007350841.7827 1199.1222454828 204.037965546015
TobiiStream 3007350869.3085 1206.64644475943 195.392217456387
TobiiStream 3007350901.3009 1202.2619451555 179.777597120972
TobiiStream 3007350930.9082 1204.73046710258 172.323253111514
TobiiStream 3007350961.8072 768.520860722431 168.546767892223
TobiiStream 3007350991.8551 755.220048738751 167.201052050949
TobiiStream 3007351021.2288 775.922722488674 163.295286318715
TobiiStream 3007351055.0643 776.196758499999 170.649120992616
TobiiStream 3007351085.4465 777.542382381171 174.694310831183
TobiiStream 3007351114.932 773.773078932506 199.663236191666
TobiiStream 3007351143.1347 772.090010950201 195.17320564943
TobiiStream 3007351173.2123 767.877815636282 198.11154743395
TobiiStream 3007351205.9923 770.115616275274 201.261419885473
TobiiStream 3007351233.6998 769.198338003068 194.278015384992
TobiiStream 3007351263.6718 768.806721256095 194.39842041319
TobiiStream 3007351293.9441 765.456367414809 201.386149810488
TobiiStream 3007351323.9223 764.2285770037 204.020395871508
TobiiStream 3007351354.3372 765.554691162952 206.180101280413
TobiiStream 3007351384.9339 766.746944269972 208.190000374641
TobiiStream 3007351417.2887 931.572540729922 250.488513056997
TobiiStream 3007351444.9409 951.008699868542 254.324427768275
TobiiStream 3007351475.1927 947.124709918331 255.511701415328
TobiiStream 3007351508.1252 948.870015378048 254.084038925269
TobiiStream 3007351535.6661 946.41911010973 256.109752547592
TobiiStream 3007351565.8561 945.206242725155 252.931798088644
TobiiStream 3007351595.9138 947.046893937563 250.422810842468
TobiiStream 3007351628.6897 945.263177082673 249.907945346491
TobiiStream 3007351656.4447 946.135816888654 253.08737166864
TobiiStream 3007351689.6767 945.545194190512 253.074633212497
TobiiStream 3007351720.1241 945.506781999064 252.668697324928
TobiiStream 3007351747.16 946.213616899047 252.463490840404
TobiiStream 3007351777.563 946.638267521183 250.959466210792
TobiiStream 3007351807.5661 945.381640485056 248.359219287341
TobiiStream 3007351838.0529 943.840377075317 248.314066536101
TobiiStream 3007351868.212 802.83423380581 291.969503417156
TobiiStream 3007351898.3668 798.019630532472 293.249707659769
TobiiStream 3007351928.5381 801.723970519397 284.052542473767
TobiiStream 3007351958.7835 800.414396439415 288.45282721012
TobiiStream 3007351989.1239 803.882895158617 283.467430325704
TobiiStream 3007352019.1218 802.966686222283 288.357808809882
TobiiStream 3007352049.2798 802.883214552744 290.041662058549
TobiiStream 3007352079.5421 806.984311773522 290.623190027942
TobiiStream 3007352112.6666 805.63106290456 290.505411657142
TobiiStream 3007352139.8455 801.605862870996 284.716063626617
TobiiStream 3007352173.4325 800.678060762765 283.287648456486
TobiiStream 3007352200.3877 801.096112386903 287.180074052668
TobiiStream 3007352230.6166 802.514934512716 293.721842502774
TobiiStream 3007352260.6073 801.98675394936 287.930439285019
TobiiStream 3007352290.3105 802.371408086502 287.17895282343
TobiiStream 3007352320.9149 603.305350123551 398.129422924964
TobiiStream 3007352351.2561 590.21520295103 407.453175136088
TobiiStream 3007352381.263 591.035724546711 408.524855915849
TobiiStream 3007352414.649 590.62304960822 405.612771276909
TobiiStream 3007352444.5892 590.336018517355 399.412791801725
TobiiStream 3007352474.6398 589.365446361158 400.73172718917
TobiiStream 3007352502.233 589.210155347102 404.307885671587
TobiiStream 3007352532.3593 589.261445490742 411.622798961281
TobiiStream 3007352565.0828 590.185472854167 409.583690541699
TobiiStream 3007352592.724 591.257804868806 409.238603887834
TobiiStream 3007352623.0534 591.609672532445 408.06276803431
TobiiStream 3007352655.9887 591.37930834876 408.252953213446
TobiiStream 3007352683.5614 472.249486456317 531.885134939777
TobiiStream 3007352713.6839 333.898928584854 723.236566022873
TobiiStream 3007352743.8563 333.609061006146 729.977059280861
TobiiStream 3007352776.8262 336.319896839473 735.101727110343
TobiiStream 3007352804.3159 336.128290506828 731.841823639522
TobiiStream 3007352837.6238 336.680507618102 724.813305265946
TobiiStream 3007352867.4629 336.84603737817 726.248581085549
TobiiStream 3007352897.3839 337.635359041078 724.695617406082
TobiiStream 3007352927.8601 124.569515032225 853.846843066304
TobiiStream 3007352957.9794 115.955284404477 858.216668194816
TobiiStream 3007352985.7352 116.586864403826 855.367558024178
TobiiStream 3007353018.0251 115.757281971516 856.507025695106
TobiiStream 3007353048.447 117.712344657952 863.965878640459
TobiiStream 3007353079.0737 116.633890382611 858.783470692721
TobiiStream 3007353106.5009 114.869662967631 859.070760154569
TobiiStream 3007353139.3608 113.463035485877 863.063525524295
TobiiStream 3007353169.3493 112.768145867824 866.176181019757
TobiiStream 3007353197.1926 113.040911227294 868.141723907553
TobiiStream 3007353229.8116 113.35852097833 868.264797344777
TobiiStream 3007353255.2031 114.700350969521 866.432185371421
TobiiStream 3007353290.5806 753.441840792517 159.134603909795
TobiiStream 3007353317.8713 748.8205331273 157.647819081445
TobiiStream 3007353348.2548 731.855345219736 157.175974833463
TobiiStream 3007353378.0937 732.373149006534 165.819924483229
TobiiStream 3007353408.3001 731.919726259688 168.488565193736
TobiiStream 3007353438.3303 733.780043428395 174.555822336631
TobiiStream 3007353468.5858 732.767496129004 173.618391003184
TobiiStream 3007353498.957 534.435691372389 141.727309570871
TobiiStream 3007353532.2575 528.207159264477 140.580991914456
TobiiStream 3007353562.0515 532.772280861195 140.675754225566
TobiiStream 3007353592.3164 532.106468953792 144.500994901509
TobiiStream 3007353622.4366 532.877663330359 145.637447419132
TobiiStream 3007353650.4144 534.523351988409 149.331283289089
TobiiStream 3007353683.0676 534.348211721281 152.413880618866
TobiiStream 3007353712.9564 534.901853800583 152.931137630618
TobiiStream 3007353743.8326 535.917672069367 149.063470124689
TobiiStream 3007353773.8697 540.8351382634 121.245638308956
TobiiStream 3007353803.6033 541.265620725124 114.423247242436
TobiiStream 3007353833.9746 543.871140757015 78.6486508977609
TobiiStream 3007353861.8165 543.189583330779 80.5459362077489
TobiiStream 3007353894.51 543.703662922395 83.250310370515
TobiiStream 3007353922.0517 543.78693505345 82.6198314203824
TobiiStream 3007353954.6525 543.017053232605 79.6676178150302
TobiiStream 3007353985.1752 541.891447711469 79.6954995090932
TobiiStream 3007354012.5071 542.094207680495 80.7883316310053
TobiiStream 3007354045.4999 541.564924337677 81.2432824778286
TobiiStream 3007354075.6248 543.585042082301 83.5346582481343
TobiiStream 3007354105.789 543.597994234744 83.5406629978842
TobiiStream 3007354135.5615 544.950520862475 80.4519873887602
TobiiStream 3007354165.6962 544.966459618121 80.4204676310946
TobiiState NotPresent
TobiiStream 3007356125.1288 627.88826234879 273.684697845568
TobiiState Present
TobiiStream 3007356155.6325 640.785474976281 223.248536473347
TobiiStream 3007356186.4924 647.591724755928 221.16585969928
TobiiStream 3007356216.8361 656.372838437964 221.862092928049
TobiiStream 3007356246.7563 655.072653960632 210.749160462793
TobiiStream 3007356277.0049 650.081047884071 171.437667760886
TobiiStream 3007356307.1886 652.52112017028 178.523827678135
TobiiStream 3007356337.6514 638.785675845768 187.51509831851
TobiiStream 3007356368.0228 647.814953277838 188.357161983244
TobiiStream 3007356397.9449 649.632674845194 196.986592244593
TobiiStream 3007356428.2936 651.124156140292 194.178041866493
TobiiStream 3007356458.447 655.378379680744 208.373463141909
TobiiStream 3007356488.7829 680.186300373559 263.146642840112
TobiiStream 3007356518.7154 672.85510625934 259.451807708546
TobiiStream 3007356548.2678 653.295245359205 216.875723831092
TobiiState NotPresent
TobiiStream 3007360294.4431 682.731011696513 270.474313617235
TobiiState Present
TobiiStream 3007360324.3111 639.28360709203 228.115064904997
TobiiStream 3007360354.6617 617.462262421193 190.750957009755
TobiiStream 3007360414.4059 594.437938284409 115.489708302289
TobiiStream 3007360444.9063 582.379580777414 116.607680105243
TobiiStream 3007360474.9813 578.220923011216 115.622249123349
TobiiStream 3007360505.8441 579.42718587756 108.138479568801
TobiiStream 3007360535.6166 581.425247706917 111.894060754168
TobiiStream 3007360565.7074 572.379555631135 114.336524252562
TobiiStream 3007360596.6145 539.0849404074 97.4870193206949
TobiiStream 3007360627.0348 529.015656057171 84.2239470278085
TobiiStream 3007360657.3259 499.723976762377 30.0796808104031
TobiiStream 3007360688.4883 499.474589331526 32.1752025269841
TobiiStream 3007360717.6653 501.005174112988 37.5047808598404
TobiiStream 3007360748.2945 500.632468524716 20.766532101944
TobiiStream 3007360778.9666 830.331292350493 255.855311735227
TobiiStream 3007360809.3715 853.356202592003 260.094040409673
TobiiStream 3007360839.7029 859.941739625599 242.941650172571
TobiiStream 3007360869.84 858.046367081714 250.207093820876
TobiiStream 3007360900.08 859.004079040218 248.804619185562
TobiiStream 3007360930.263 859.774464496697 251.354633401028
TobiiStream 3007360960.5596 861.33824919589 255.080082336826
TobiiStream 3007360990.636 734.214141553577 254.787983169309
TobiiStream 3007361020.6899 728.8218801997 259.282052750494
TobiiStream 3007361050.9216 730.395606470628 258.223376949284
TobiiStream 3007361081.2108 731.456691827641 258.848803271017
TobiiStream 3007361111.6665 730.518479684708 261.810147171552
TobiiStream 3007361141.5487 736.395148829553 263.863506926933
TobiiStream 3007361171.9075 731.036319173216 264.918730083549
TobiiStream 3007361200.7683 733.00396338161 263.968715163486
TobiiStream 3007361230.8287 739.211852832616 260.479182148179
TobiiStream 3007361262.1238 755.59004254306 252.623604958737
TobiiStream 3007361291.3177 529.053218026252 820.530412468877
TobiiStream 3007361381.9288 848.769410801115 1813.27691363883
TobiiStream 3007361413.1809 847.232089250771 1896.06740640393
TobiiStream 3007361441.4666 783.873608187501 1929.28385866635
TobiiStream 3007361470.8012 812.213181863656 1914.22642397477
TobiiStream 3007361501.3471 754.637560203558 1950.73795557376
TobiiStream 3007361535.2996 774.289257339211 1966.35371611905
TobiiStream 3007361564.7174 861.904570567881 1947.28721794347
TobiiStream 3007361592.0406 859.022117760277 1956.27540170891
TobiiStream 3007361624.4972 898.815506925596 1933.62446335886
TobiiStream 3007361654.479 915.555599867849 1919.31548066812
TobiiStream 3007361684.8093 891.705889309818 1916.85019578774
TobiiStream 3007361715.2044 876.715416866799 1904.47771508123
TobiiStream 3007361744.2796 875.739722684733 1905.43817096799
TobiiStream 3007361774.3932 912.318824110911 1951.40545579766
TobiiStream 3007361804.3735 913.358005707866 1950.86276773357
TobiiStream 3007361834.0837 914.776305017779 1950.86367379275
TobiiStream 3007361863.5702 513.355586737441 1289.93793017782
TobiiStream 3007361894.5422 420.07262635371 810.464918084177
TobiiStream 3007361929.7879 544.545834422674 536.252551087189
TobiiStream 3007361959.5913 649.09778461878 272.684561041123
TobiiStream 3007361986.5375 673.262418133113 251.735994199742
TobiiStream 3007362019.5262 674.04135881185 260.493744208084
TobiiStream 3007362047.3727 685.101836270214 265.295292234225
TobiiStream 3007362076.8644 690.50497510958 263.505556940751
TobiiStream 3007362110.7377 686.428835856113 263.607497974639
TobiiStream 3007362140.8206 685.533244061313 267.851988625473
TobiiStream 3007362171.7924 685.577144402284 269.516866812164
TobiiStream 3007362199.0914 758.24123876002 279.449027989482
TobiiStream 3007362229.4267 773.275830889268 293.115293209787
TobiiStream 3007362259.6295 774.602696791536 302.803253178155
TobiiStream 3007362289.6702 778.149369086461 314.701093258916
TobiiStream 3007362319.8481 773.996283710548 319.186597920662
TobiiStream 3007362349.5472 764.617936722923 320.441089020959
TobiiStream 3007362380.3753 763.634141645136 321.356521342174
TobiiStream 3007362413.3413 760.512011269464 321.852900655723
TobiiStream 3007362440.576 758.399280616156 323.664199445254
TobiiStream 3007362472.4784 758.894078700914 325.014947287787
TobiiStream 3007362501.0927 762.555779307784 328.02762625218
TobiiStream 3007362531.4011 764.416981851893 322.983778821535
TobiiStream 3007362563.7506 759.94429691531 313.301826761577
TobiiStream 3007362591.8908 762.616087970734 314.757372001697
TobiiStream 3007362620.6721 761.916809720205 311.761686705999
TobiiStream 3007362649.6904 762.208761218754 306.618872428333
TobiiStream 3007362679.932 759.038254420123 307.732167362133
TobiiStream 3007362712.535 748.395115781546 319.990726122983
TobiiStream 3007362743.0551 717.504743502675 369.565519485769
TobiiStream 3007362770.0675 436.549050320651 766.59482092774
TobiiStream 3007362801.201 311.515001067728 936.520830450352
TobiiStream 3007362833.5707 305.156616932131 949.704520376722
TobiiStream 3007362861.7044 308.136620456128 950.668290573166
TobiiStream 3007362894.1756 310.668670482078 955.741921082482
TobiiStream 3007362924.0626 316.401503246858 955.166130050636
TobiiStream 3007362951.8278 324.610633624141 946.996746075431
TobiiStream 3007362984.2949 311.921457468927 939.399198500589
TobiiStream 3007363014.2748 248.531332641655 894.025545774601
TobiiStream 3007363047.1989 235.984764878542 882.598995493925
TobiiStream 3007363074.918 230.338431793785 881.317420722267
TobiiStream 3007363104.9282 232.385938850194 882.028287812774
TobiiStream 3007363137.9323 221.623961031115 881.411298185091
TobiiStream 3007363168.3469 221.25101642968 878.890553491465
TobiiStream 3007363195.6462 216.563063093339 874.11885917366
TobiiStream 3007363225.6886 215.993569175672 873.749953441248
TobiiStream 3007363256.0739 573.761924255974 889.719944615727
TobiiStream 3007363289.2067 653.139244122485 893.030687869717
TobiiStream 3007363319.1202 648.421042404338 892.76922753475
TobiiStream 3007363349.5802 648.189325989651 889.226844531661
TobiiStream 3007363379.5932 648.110299434617 889.547846704713
TobiiStream 3007363410.0516 644.840590424349 892.083406732564
TobiiStream 3007363440.1113 641.542366239811 890.126663497297
TobiiStream 3007363470.2385 641.251921883749 880.224768466022
TobiiStream 3007363497.9154 639.012115766784 883.63082885429
TobiiStream 3007363528.3082 640.133376848774 881.957328223006
TobiiStream 3007363561.3443 779.533639779914 546.56102708675
TobiiStream 3007363588.6234 842.891924002689 455.257715297539
TobiiStream 3007363618.8051 843.163013458452 471.180178028379
TobiiStream 3007363648.9657 843.1256674086 484.019858922392
TobiiStream 3007363681.9942 843.782822898468 476.787213590704
TobiiStream 3007363709.2083 846.684169347587 480.032507822018
TobiiStream 3007363742.2256 846.295458093483 482.163998579856
TobiiStream 3007363769.7388 844.880917714732 495.013052188622
TobiiStream 3007363799.8621 789.568045293116 500.566274493929
TobiiStream 3007363830.2315 732.603562862653 494.486033318725
TobiiStream 3007363863.6685 654.023001092375 486.504108301971
TobiiStream 3007363890.6512 655.991028269968 487.928092806303
TobiiStream 3007363920.7472 656.865720315941 483.586215263565
TobiiStream 3007363950.929 659.183629344152 483.185547017225
TobiiStream 3007363981.1781 658.725498817284 481.469188839866
TobiiStream 3007364014.5797 465.654941650013 492.43528844207
TobiiStream 3007364041.6074 450.732038640688 492.028851783019
TobiiStream 3007364071.8391 452.986242008277 494.559875524219
TobiiStream 3007364102.0989 452.989119591938 501.379192811873
TobiiStream 3007364132.2929 454.380995664618 502.645360563168
TobiiStream 3007364162.5785 947.044879190729 463.900145584913
TobiiStream 3007364192.7227 954.243413427414 462.565627296223
TobiiStream 3007364223.1169 951.051459827196 454.233079557158
TobiiStream 3007364252.7623 947.49133056981 460.455833201984
TobiiStream 3007364283.4723 948.352821456521 459.785175086701
TobiiStream 3007364313.669 946.642242302192 459.053592375974
TobiiStream 3007364343.8516 947.508951535107 457.338190729523
TobiiStream 3007364374.049 948.462287834202 462.303587924263
TobiiStream 3007364404.3098 948.119960265783 460.393762526602
TobiiStream 3007364434.288 950.249339682225 468.436982009008
TobiiStream 3007364464.571 963.639719607034 511.225980104485
TobiiStream 3007364495.0291 965.224747138423 515.732508864243
TobiiStream 3007364525.1877 962.156806483593 509.860248252179
TobiiStream 3007364555.4789 965.878319691114 508.711885795189
TobiiStream 3007364585.8311 966.316476634972 507.950476113438
TobiiStream 3007364615.6789 964.084455760844 503.6917738921
TobiiStream 3007364645.9785 964.258226525186 501.885204341855
TobiiStream 3007364676.1634 969.555473749605 502.061985478838
TobiiStream 3007364706.038 1018.7956603115 503.462320641121
TobiiStream 3007364736.485 1087.10995069523 495.081503657967
TobiiStream 3007364765.6164 1179.64750914752 488.96253051195
TobiiStream 3007364795.4752 1177.82678378028 488.573056920086
TobiiStream 3007364826.6933 1171.99209228376 492.545683726553
TobiiStream 3007364857.4448 1167.8452547109 492.059234597325
TobiiStream 3007364886.5826 1167.95177009347 491.276553662617
TobiiStream 3007364917.5337 907.904161986762 486.300895444191
TobiiStream 3007364947.8023 905.520285511932 486.840126292125
TobiiStream 3007364978.0797 911.268647260416 488.990893142673
TobiiStream 3007365010.7805 913.78443382985 493.880406922619
TobiiStream 3007365038.5847 913.439467070222 498.296112184039
TobiiStream 3007365070.4849 913.232531992011 500.411449466091
TobiiStream 3007365218.0742 775.831630062559 1884.06768339929
TobiiStream 3007365248.0509 807.691092156369 1791.89646541367
TobiiStream 3007365280.6742 773.957743725062 1745.45568515363
TobiiStream 3007365309.4586 754.057608461366 1780.74871457972
TobiiStream 3007365342.5661 739.824034646608 1779.85259827138
TobiiStream 3007365373.1532 726.617468531158 1783.44145173731
TobiiStream 3007365400.7573 726.695341518878 1778.30561810936
TobiiStream 3007365433.603 725.366528751537 1784.56594253092
TobiiStream 3007365459.2559 726.26481541243 1781.43110701425
TobiiStream 3007365488.2742 1043.07629692209 952.65472255733
TobiiStream 3007365521.5996 1008.23885873842 762.294890560659
TobiiStream 3007365552.0126 938.345041595557 612.210275959222
TobiiStream 3007365582.2919 860.204965143024 539.804865051991
TobiiStream 3007365612.5218 854.622577387784 522.965847661023
TobiiStream 3007365644.9003 848.517975658266 531.640012436572
TobiiStream 3007365675.3266 847.654795644927 539.050662066047
TobiiStream 3007365704.7699 850.276397218947 544.705075248041
TobiiStream 3007365732.0051 836.103104175353 542.990380475751
TobiiStream 3007365762.1896 711.55818444744 525.377872685876
TobiiStream 3007365796.496 706.210907410912 516.755528490065
TobiiStream 3007365826.3591 701.75315102018 488.700435827773
TobiiStream 3007365852.9798 709.917043994658 502.386644491712
TobiiStream 3007365885.5627 704.641179948217 496.779888250751
TobiiStream 3007365913.1138 703.7104244891 498.800727768494
TobiiStream 3007365943.4258 707.311626399561 497.841537464845
TobiiStream 3007365975.8651 707.916444300016 499.876260460728
TobiiStream 3007366006.2155 706.34091738688 509.060982476479
TobiiStream 3007366037.402 701.926079473583 494.728721571927
TobiiStream 3007366065.4098 699.945759760556 486.366420300194
TobiiStream 3007366098.113 699.870246550886 487.285029384471
TobiiStream 3007366125.8274 693.071061025415 493.982993072365
TobiiStream 3007366158.1539 687.231904401009 493.072659201672
TobiiStream 3007366187.8448 661.640878624571 492.390368959732
TobiiStream 3007366218.2754 6.51265854049551 97.9268184001452
TobiiStream 3007366247.5826 -69.3175464352324 74.4310325317304
TobiiStream 3007366278.5189 -207.657674980715 48.5126405881241
TobiiStream 3007366308.1595 -233.49419543119 23.4222745418597
TobiiStream 3007366338.265 -234.415512095499 25.2857619323486
TobiiStream 3007366368.5485 -231.034894913791 31.5044650919872
TobiiStream 3007366397.4762 -232.709217496956 30.6475685061427
TobiiStream 3007366547.4171 1200.46458061551 611.487889115022
TobiiStream 3007366578.5368 784.953353852882 442.722880091672
TobiiStream 3007366608.6489 842.076644207979 402.238958339739
TobiiStream 3007366639.973 872.305932638945 381.254129699361
TobiiStream 3007366669.7355 878.134416562747 389.945967581237
TobiiStream 3007366700.5714 876.153414914025 399.471976113969
TobiiStream 3007366729.2206 876.241783001407 399.708101747383
TobiiStream 3007366762.7587 877.141945650554 402.642749924472
TobiiStream 3007366792.9437 880.569721981732 412.615151856779
TobiiStream 3007366823.3153 882.479545735126 427.959029177411
TobiiStream 3007366853.3568 887.352649554991 424.141194236026
TobiiStream 3007366883.4167 886.023353279851 418.29401050938
TobiiStream 3007366913.4191 884.808594191802 418.08252143713
TobiiStream 3007366943.8079 885.283948005596 415.111716562323
TobiiStream 3007366974.2175 885.445409529711 411.249274136855
TobiiStream 3007367003.9178 882.524608461619 408.456418682099
TobiiStream 3007367032.9078 880.516338835922 404.950412362678
TobiiStream 3007367061.4001 881.822611656955 406.484729190033
TobiiStream 3007367094.2197 885.64814096104 414.390183113493
TobiiStream 3007367120.6091 876.026432715762 420.318673198824
TobiiStream 3007367153.3305 72.4647358268791 202.268385003019
TobiiStream 3007367183.6434 -205.698250769884 131.924390465888
TobiiStream 3007367242.4662 -312.268290783825 18.2045398300365
TobiiStream 3007367272.9401 -343.43027199374 0.936085646875329
TobiiStream 3007367303.2759 -368.525587478363 4.24319468322292
TobiiStream 3007367333.2784 -376.489968050722 11.2150001589658
TobiiStream 3007367663.4796 1005.59431796282 488.212945505704
TobiiStream 3007367694.762 753.904225532199 380.975953019828
TobiiStream 3007367725.0597 779.055535695282 336.722236000332
TobiiStream 3007367754.9666 793.504323509298 390.550003258678
TobiiStream 3007367785.3514 794.873981821774 346.136021453067
TobiiStream 3007367815.2776 799.460936474724 434.680578069499
TobiiStream 3007367841.7921 805.070490381589 436.894518043706
TobiiStream 3007367876.5749 825.051360243765 422.570853320875
TobiiStream 3007367905.4102 819.822556910377 409.444163337694
TobiiStream 3007367937.7969 814.848619229327 404.029530513632
TobiiStream 3007367968.0906 812.770678870096 415.375995952726
TobiiStream 3007367998.4466 813.527991941676 420.658024227322
TobiiStream 3007368028.5479 813.467895595534 421.967189725976
TobiiStream 3007368058.8731 821.111194882735 431.882032971029
TobiiStream 3007368089.3383 853.898241874439 474.75272931443
TobiiStream 3007368119.5362 857.388235106579 479.749320834053
TobiiStream 3007368149.7877 854.529343156026 469.305476784158
TobiiStream 3007368179.7899 854.196500722738 473.825332156335
TobiiStream 3007368209.9196 854.876778569411 474.497662822611
TobiiStream 3007368240.6478 853.760612210489 476.892070941573
TobiiStream 3007368270.665 853.600634581814 474.649942669926
TobiiStream 3007368300.9438 850.33539021626 473.560873124171
TobiiStream 3007368331.1674 851.801211169008 476.357695977026
TobiiStream 3007368361.2266 853.341237936858 478.315005842791
TobiiStream 3007368391.6151 853.78647713364 482.807241586126
TobiiStream 3007368421.6434 854.918202785516 482.145414412489
TobiiStream 3007368451.7473 756.353402878697 464.446905708858
TobiiStream 3007368482.1331 755.400018647626 465.221889201275
TobiiStream 3007368511.1667 763.872425724381 486.337937826475
TobiiStream 3007368541.1848 753.099652300546 485.168598110033
TobiiStream 3007368571.4117 752.661419742563 485.520090063358
TobiiStream 3007368603.0085 754.24961791073 482.398203207084
TobiiStream 3007368633.1978 762.090378798658 469.838429720494
TobiiStream 3007368660.3029 761.949361481234 465.23607462681
TobiiStream 3007368693.7467 761.83533470407 460.702550900868
TobiiStream 3007368723.782 762.538258622926 453.201203169667
TobiiStream 3007368753.9494 766.564610148141 447.004257020178
TobiiStream 3007368784.2596 765.335389409535 446.961318740061
TobiiStream 3007368814.4781 765.899839707531 449.67282063045
TobiiStream 3007368844.9382 763.342513629225 453.208923796367
TobiiStream 3007368874.7531 762.301045025468 450.330818756329
TobiiStream 3007368904.8075 766.024151283081 448.519343145918
TobiiStream 3007368935.0769 768.658030590094 449.719849891405
TobiiStream 3007368965.4357 1000.20019940901 94.1980956713176
TobiiStream 3007368995.6854 1005.40391398713 93.3031119761957
TobiiStream 3007369025.8659 1003.78127251157 141.179305030268
TobiiStream 3007369056.0561 1005.38528722242 148.592336034746
TobiiStream 3007369086.6841 1003.08112672954 145.179899887083
TobiiStream 3007369116.5505 999.387235858631 144.238141411229
TobiiStream 3007369146.9486 1003.28852491904 146.349238678933
TobiiStream 3007369177.1682 1002.68660056052 147.563707192215
TobiiStream 3007369207.0057 998.811460471559 153.710384448944
TobiiStream 3007369237.1793 999.055861254508 151.571788417398
TobiiStream 3007369266.1519 999.271357473517 146.837849130236
TobiiStream 3007369297.0511 1005.25267729816 164.368241369099
TobiiStream 3007369329.2903 1014.91791993165 168.465069736124
TobiiStream 3007369357.6594 1259.21322588662 180.106823086758
TobiiStream 3007369390.2378 1363.00489686471 184.42106631914
TobiiStream 3007369418.1915 1354.96672450833 185.38280795506
TobiiStream 3007369450.5661 1355.3916368077 186.251219646478
TobiiStream 3007369480.6934 1353.36166194988 184.528151474829
TobiiStream 3007369510.6954 1355.36634591738 181.875971074171
TobiiStream 3007369539.1508 1355.63954791656 181.870075121374
TobiiStream 3007369569.602 1354.47502929139 183.907370353046
TobiiStream 3007369599.7095 1349.77773546234 176.556437902915
TobiiStream 3007369629.9065 1352.48081642435 179.430771481558
TobiiStream 3007369660.0373 1349.07209541017 176.1872871675
TobiiStream 3007369691.9473 1349.77050737403 179.988395760063
TobiiStream 3007369720.1687 1349.68602252476 181.272104050321
TobiiStream 3007369752.8772 1345.77635493806 181.413310141786
TobiiStream 3007369780.5304 1349.43043689963 184.6252491751
TobiiStream 3007369810.7271 1349.78164801252 187.019849057175
TobiiStream 3007369841.8959 1351.73510182765 188.367838791017
TobiiStream 3007369873.4089 726.684784851557 181.322857279768
TobiiStream 3007369903.9714 719.197111825936 179.050090484734
TobiiStream 3007369933.8663 730.212077480905 151.653505820907
TobiiStream 3007369961.7859 729.18471235515 156.59200433407
TobiiStream 3007369992.0253 732.091566316553 157.215758225508
TobiiStream 3007370023.9406 735.372066513146 167.363268124792
TobiiStream 3007370053.985 734.279059098877 165.217588254135
TobiiStream 3007370173.4107 1050.99409244545 1033.39222368773
TobiiStream 3007370202.5618 967.548562037198 1033.50048971539
TobiiStream 3007370236.333 948.191739359953 985.279915703311
TobiiStream 3007370266.2746 943.786736168515 974.092952001482
TobiiStream 3007370296.2781 964.366875614772 992.718246259023
TobiiStream 3007370926.4225 1352.50463264943 1075.39696864691
TobiiStream 3007370957.499 1125.78043928635 873.539562009987
TobiiStream 3007370988.447 1098.44662139669 837.72332866925
TobiiStream 3007371018.6075 1100.06867497714 855.880175749259
TobiiStream 3007371048.9216 1092.59528548832 857.071794539282
TobiiStream 3007371077.7352 1182.07083790698 837.148014912765
TobiiStream 3007371107.9557 1530.97750196794 502.951214349908
TobiiStream 3007371139.2004 1430.42306530225 331.5761814489
TobiiStream 3007371168.2628 1494.33898658216 416.339762874924
TobiiStream 3007371201.9003 1276.30286021602 304.513178316952
TobiiStream 3007371232.8812 1251.36615481723 229.31305285931
TobiiStream 3007371261.173 1218.53477968991 204.284118347261
TobiiStream 3007371290.807 1200.63573872975 179.305277054079
TobiiStream 3007371321.3216 1188.36554162464 129.190628663508
TobiiStream 3007371351.2635 1192.46418972456 119.795496956494
TobiiStream 3007371382.1485 1217.81927594411 124.888860588694
TobiiStream 3007371411.7877 1315.74043355875 120.1817201417
TobiiStream 3007371443.7079 1340.78616923469 118.880736709074
TobiiStream 3007371472.0512 1333.92234283702 126.320029678881
TobiiStream 3007371502.9633 1331.4546219744 130.299434857582
TobiiStream 3007371533.0448 1328.03625476363 146.015479204766
TobiiStream 3007371563.3161 1326.83733708276 158.451028202628
TobiiStream 3007371596.1451 1327.27865835328 162.433896084782
TobiiStream 3007371626.1953 1327.25706970667 161.884027423917
TobiiStream 3007371653.5483 1327.10406254782 158.323017632056
TobiiStream 3007371683.978 1331.0459060331 155.208791694266
TobiiStream 3007371714.2302 1330.2210421605 152.548069642534
TobiiStream 3007371744.403 1331.08502915856 152.0621651691
TobiiStream 3007371774.732 1332.28294363281 149.307973149792
TobiiStream 3007371804.8088 1333.30103233058 148.49201673475
TobiiStream 3007371835.108 1336.54351112979 159.72906962543
TobiiStream 3007371868.1713 1336.31635674996 162.838204322712
TobiiStream 3007371896.4806 1336.10807513844 164.440655052936
TobiiStream 3007371928.1129 1064.58336944325 178.216680336458
TobiiStream 3007371955.6509 995.877681665546 181.102366037114
TobiiStream 3007371986.3518 1004.69318716275 188.109294343661
TobiiStream 3007372016.4418 1006.78555625817 184.984507009892
TobiiStream 3007372046.6004 1003.01542269053 190.75924658577
TobiiStream 3007372076.5775 1006.53881967184 187.609160025904
TobiiStream 3007372109.8306 1002.27546054964 196.294442492316
TobiiStream 3007372139.795 1002.50485969288 196.115170960489
TobiiStream 3007372170.159 946.12890250358 411.951864196787
TobiiStream 3007372200.8859 931.614732753198 454.166304545505
TobiiStream 3007372227.6959 924.81035492172 452.194717441792
TobiiStream 3007372257.8891 930.018391087302 453.451250961013
TobiiStream 3007372290.8212 928.277064358216 452.535345437143
TobiiStream 3007372321.2739 935.238738003263 453.855788082213
TobiiStream 3007372348.5114 934.955841648598 453.381154747558
TobiiStream 3007372381.7152 875.305317096675 465.516415402285
TobiiStream 3007372411.3298 858.424547853707 469.134640329486
TobiiStream 3007372441.7143 856.411804588921 469.268202157317
TobiiStream 3007372471.9448 851.832355517905 470.99812429694
TobiiStream 3007372502.1291 854.234916486742 470.94229489868
TobiiStream 3007372532.4924 852.338308496805 472.312869977581
TobiiStream 3007372562.1719 852.208060677823 476.674677015888
TobiiStream 3007372592.8979 851.193309858462 478.533544249005
TobiiStream 3007372622.7863 1109.76149419367 470.354337326044
TobiiStream 3007372650.5659 1172.55491607879 467.867282607856
TobiiStream 3007372682.9319 1168.71812697373 464.095039622995
TobiiStream 3007372713.5612 1171.44639508761 463.287297760775
TobiiStream 3007372743.724 1173.86391454938 465.41202745867
TobiiStream 3007372771.4791 1173.79899088807 464.364884153354
TobiiStream 3007372804.4623 1171.1983087669 460.784988891259
TobiiStream 3007372831.7383 1171.39009724207 458.738936617915
TobiiStream 3007372862.3137 1005.97336102733 461.123414226215
TobiiStream 3007372892.376 965.7866649855 461.735337289499
TobiiStream 3007372925.9368 966.364152840284 458.229024258712
TobiiStream 3007372953.9313 967.963998721438 460.078818596732
TobiiStream 3007372985.7123 973.637361565175 463.378437067474
TobiiStream 3007373015.7813 973.202962271899 458.412876551562
TobiiStream 3007373046.0826 974.427187470979 447.533507977544
TobiiStream 3007373076.6252 969.646738498993 449.76756795354
TobiiStream 3007373105.721 938.135862718644 460.324608968814
TobiiStream 3007373135.8639 907.771276990983 461.9856523005
TobiiStream 3007373166.1524 847.447066405389 463.330834726411
TobiiStream 3007373193.9077 849.879206119538 461.21420686112
TobiiStream 3007373226.564 849.49560632137 457.482487350785
TobiiStream 3007373256.7872 846.936119196695 457.041621883542
TobiiStream 3007373284.4655 846.326424982939 457.748834344225
TobiiStream 3007373317.2727 847.735745925098 460.989505848213
TobiiStream 3007373347.9106 849.663994344411 461.226585676482
TobiiStream 3007373378.1501 855.213060804972 461.796248816512
TobiiStream 3007373405.7651 1055.11242271216 452.705839401327
TobiiStream 3007373436.2453 1105.17428835962 456.836672881155
TobiiStream 3007373466.0077 1098.38399538371 457.765884941572
TobiiStream 3007373496.3638 1089.70025689973 463.385936951986
TobiiStream 3007373529.5345 1092.87784614714 465.46514815665
TobiiStream 3007373556.858 1091.39604043172 464.755655931074
TobiiStream 3007373586.9556 1091.48136732952 464.391390288129
TobiiStream 3007373619.9251 887.741594811008 466.180474406919
TobiiStream 3007373649.9313 879.447891958918 466.748752119143
TobiiStream 3007373680.049 882.852642650691 472.005059039609
TobiiStream 3007373710.4233 881.437862235334 475.421820514984
TobiiStream 3007373740.8159 878.762353962773 478.584375117974
TobiiStream 3007373771.4469 881.255159430445 475.161163860375
TobiiStream 3007373801.3916 879.430328487777 471.437656709034
TobiiStream 3007373831.7701 841.942013164995 468.303333688476
TobiiStream 3007373861.085 829.442847063794 466.911959411719
TobiiStream 3007373891.2739 771.232580756902 467.954928573406
TobiiStream 3007373921.7653 770.552466120951 476.71707970034
TobiiStream 3007373952.1962 772.522786204233 477.982165005424
TobiiStream 3007373982.2931 775.225280645204 478.90492112302
TobiiStream 3007374012.5711 773.877187551899 475.564850112802
TobiiStream 3007374042.3415 772.580394703171 475.212947178437
TobiiStream 3007374073.0306 769.713973951225 479.577692013552
TobiiStream 3007374101.6595 769.384280912104 488.301953730456
TobiiStream 3007374133.5318 770.234093955538 493.501122067041
TobiiStream 3007374163.9045 775.328238312259 488.469147157556
TobiiStream 3007374194.0855 776.620619190014 485.95853882392
TobiiStream 3007374221.2031 776.887892891595 484.302252218211
TobiiStream 3007374254.2823 867.368404666872 188.136871938875
TobiiStream 3007374284.264 873.099308193007 157.155619446524
TobiiStream 3007374314.7523 867.963667760536 165.161432609885
TobiiStream 3007374344.6638 869.563996567972 155.170360279651
TobiiStream 3007374375.3035 865.812991582224 197.213281775494
TobiiStream 3007374405.3221 866.412833567901 194.400189026924
TobiiStream 3007374435.3547 864.807946760087 193.612142627196
TobiiStream 3007374459.6892 866.106488621133 180.78219364612
TobiiStream 3007374613.233 813.724733530005 229.140034308525
TobiiStream 3007374643.7175 814.083703636445 213.058170777637
TobiiStream 3007374673.6887 815.552512146987 232.747619650831
TobiiStream 3007374703.2616 798.155287659916 269.535508776439
TobiiStream 3007374733.5162 772.419568870353 269.414650236716
TobiiStream 3007374763.7954 775.084089470166 283.721845250031
TobiiStream 3007374794.1082 763.34349105587 314.576155302125
TobiiStream 3007374824.9445 756.997185936956 320.082187800617
TobiiStream 3007375005.3835 747.372898630218 341.404711817624
TobiiStream 3007375036.7242 770.327681192185 330.174522129653
TobiiStream 3007375066.5441 768.722331788356 331.029938159772
TobiiStream 3007375096.6713 778.144760595728 323.230862762316
TobiiStream 3007375127.1822 773.693933950388 317.842123888285
TobiiStream 3007375157.149 771.322842680989 309.857206512339
TobiiStream 3007375188.4199 773.271096899978 310.449900832629
TobiiStream 3007375219.1879 776.55204865449 300.979339349104
TobiiStream 3007375249.0894 774.864782248472 283.718900988156
TobiiStream 3007375278.7924 784.02589683992 278.017867437838
TobiiStream 3007375309.0519 781.558230755241 270.653872045398
TobiiStream 3007375339.0159 780.239444162432 265.180774746223
TobiiStream 3007375369.4428 769.012169166007 246.356673899556
TobiiStream 3007375398.1844 768.037357948707 249.004464014271
TobiiStream 3007375428.5729 763.278994978122 259.300782668784
TobiiStream 3007375458.6049 759.04516756978 254.016805557889
TobiiStream 3007375490.3187 769.190097586732 243.143703991557
TobiiStream 3007375520.2349 775.140243523351 235.286238093837
TobiiStream 3007375550.6978 773.808761177527 228.667030939389
TobiiStream 3007375580.5275 774.226580704513 221.488331959227
TobiiStream 3007375611.2579 775.086023378041 220.335885426354
TobiiStream 3007375641.2456 771.088675092104 219.729336606214
TobiiStream 3007375671.4052 773.74459120061 221.910037205131
TobiiStream 3007375701.6914 775.804013485287 222.444833461122
TobiiStream 3007375731.5644 777.639228003854 222.223319930601
TobiiStream 3007375761.7074 777.800976253358 221.724608044635
TobiiStream 3007375792.2198 773.736926791062 221.679168664903
TobiiStream 3007375822.6631 774.37768087241 218.964646770057
TobiiStream 3007375852.8441 776.163710733645 210.894090100536
TobiiStream 3007375883.0153 777.979873824809 208.919160797025
TobiiStream 3007375913.2634 775.614237752838 201.350589847786
TobiiStream 3007375943.4662 773.109803082766 198.482169976898
TobiiStream 3007375973.5274 769.638912570808 208.059485216358
TobiiStream 3007376003.8479 770.372164771358 204.958206669267
TobiiStream 3007376033.7915 771.325069352535 205.981004069306
TobiiStream 3007376064.1172 769.849665305184 201.217104140946
TobiiStream 3007376094.416 768.621251073445 191.64115262806
TobiiStream 3007376124.6484 768.256261105427 184.75856057679
TobiiStream 3007376154.4756 768.302449756627 186.043282511257
TobiiStream 3007376185.2167 768.802819632079 188.313670959222
TobiiStream 3007376215.1943 766.27667680558 181.846360845162
TobiiStream 3007376245.4288 767.975837589848 184.857581778267
TobiiStream 3007376275.5564 765.671734493256 182.657937907409
TobiiStream 3007376305.9528 758.173918705131 191.046740411239
TobiiStream 3007376336.2036 743.534388130127 185.92581983417
TobiiStream 3007376366.2627 738.214337065003 184.060487055485
TobiiStream 3007376396.4605 724.57931924509 169.839135666234
TobiiStream 3007376426.6688 723.918152913325 174.044868171087
TobiiStream 3007376457.2831 721.503921144764 174.855718819103
TobiiStream 3007376487.4266 721.664972946906 176.678508865949
TobiiStream 3007376517.2211 718.197853563665 181.832763275304
TobiiStream 3007376547.3487 718.260479807327 179.295531428767
TobiiStream 3007376577.7741 716.563366939262 179.33298485501
TobiiStream 3007376607.944 718.832956038002 171.77034213948
TobiiStream 3007376638.4051 719.797859944163 158.083579131015
TobiiStream 3007376668.2536 721.074588499503 157.535134309983
TobiiStream 3007376698.6662 728.598311407553 155.644934100366
TobiiStream 3007376728.8515 727.200797970009 156.701700394813
TobiiStream 3007376759.0074 746.021181843734 159.09582921629
TobiiStream 3007376789.2127 812.741071974672 156.28602486631
TobiiStream 3007376819.5145 841.248848805173 148.793467417444
TobiiStream 3007376849.7036 838.344852126037 149.159802127259
TobiiStream 3007376880.1955 837.293489845942 147.70665855528
TobiiStream 3007376910.521 839.361874054826 149.988580317163
TobiiStream 3007376940.6284 842.541329583566 145.240507504019
TobiiStream 3007376971.3322 843.617988804255 153.003592526956
TobiiStream 3007377633.2702 1044.01306963057 234.17513955756
TobiiStream 3007377663.6854 1009.24889812433 197.725449283684
TobiiStream 3007377695.17 1006.00633562726 187.593435956976
TobiiStream 3007377722.0765 998.97445957475 164.048452994963
TobiiStream 3007377755.9026 999.269525834969 172.322140215554
TobiiStream 3007377786.1592 998.175455376075 169.523566199564
TobiiStream 3007377813.1679 999.769254221461 184.970791454399
TobiiStream 3007377846.0377 999.579082258435 176.429386045759
TobiiStream 3007377876.1439 980.466045716945 187.465477203748
TobiiStream 3007377909.3967 908.268247937504 164.590974244793
TobiiStream 3007377936.8373 894.419501916191 165.361832434269
TobiiStream 3007377969.4813 895.47277192739 172.728533236457
TobiiStream 3007377997.1249 895.670002846209 174.460934735575
TobiiStream 3007378029.8118 898.479176689977 196.656086452574
TobiiStream 3007378059.8321 898.734837690733 192.717371363859
TobiiStream 3007378089.7639 899.014073477505 196.770876472505
TobiiStream 3007378120.3126 897.432679748015 197.797276334941
TobiiStream 3007378150.6029 896.487611617827 199.257264399461
TobiiStream 3007378180.568 896.844011755525 201.056439962522
TobiiStream 3007378211.2593 895.769750425642 203.295279524937
TobiiStream 3007378238.9666 891.738375281474 205.735308647019
TobiiStream 3007378271.7868 894.196904260389 203.160226529864
TobiiStream 3007378302.015 891.961983258439 205.253620034837
TobiiStream 3007378330.5535 891.748340120579 212.129249714459
TobiiStream 3007378360.6522 895.844786413084 216.28933741221
TobiiStream 3007378390.9486 900.642663366316 222.958087093254
TobiiStream 3007378421.1925 898.57592248057 225.56395332679
TobiiStream 3007378453.0142 897.426483870667 218.232930226183
TobiiStream 3007378482.7163 890.563880992036 213.825549334943
TobiiStream 3007378512.92 893.28367425794 211.743667788253
TobiiStream 3007378543.8209 891.862902699002 215.470663266578
TobiiStream 3007378573.6442 897.340195336347 220.742564233853
TobiiStream 3007378603.8891 901.393369527121 224.874707243498
TobiiStream 3007378631.1481 1041.7084470844 213.797832461066
TobiiStream 3007378661.4265 1097.64873193012 203.05058490644
TobiiStream 3007378693.9095 1099.79091391734 206.420119665737
TobiiStream 3007378724.0981 1096.40594459281 204.763548902449
TobiiStream 3007378754.486 1096.70038331575 195.354442953152
TobiiStream 3007378784.9395 1091.47566508683 195.870797835967
TobiiStream 3007378815.8904 1090.63956489738 197.448032410808
TobiiStream 3007378845.9074 1090.32847516419 200.502743562032
TobiiStream 3007378876.1594 803.876206143742 554.494019771942
TobiiStream 3007378906.334 730.732083061798 639.717384742998
TobiiStream 3007378932.3424 729.211499399759 583.935056297654
TobiiStream 3007378961.7243 728.340212360363 581.574966737773
TobiiStream 3007378993.609 725.517902975765 601.683372223285
TobiiStream 3007379026.2985 735.702270914228 599.084081985952
TobiiStream 3007379056.6481 872.229055304446 299.509587920221
TobiiStream 3007379086.6495 879.613868451705 288.760872233882
TobiiStream 3007379116.0292 888.244794849797 298.810432053666
TobiiStream 3007379146.1492 886.793262764584 299.98855687073
TobiiStream 3007379176.6684 889.231698903956 303.851815431486
TobiiStream 3007379207.6189 895.4739947491 308.139611789525
TobiiStream 3007379238.4005 892.267235797945 299.857728506789
TobiiStream 3007379268.6437 887.579715209113 293.084073667451
TobiiStream 3007379296.1308 889.242897964788 299.255214387738
TobiiStream 3007379328.419 890.306120995151 294.730796669172
TobiiStream 3007379356.4629 892.584545969324 290.313494336002
TobiiStream 3007379387.0536 893.278282982654 288.868536868381
TobiiStream 3007379419.0686 892.314617377349 292.816376026992
TobiiStream 3007379449.1836 891.664810818077 294.959773771202
TobiiStream 3007379477.4016 889.938921256553 302.673441923856
TobiiStream 3007379509.8736 888.401333045552 301.425887770678
TobiiStream 3007379537.438 885.116681810492 293.510647286586
TobiiStream 3007379568.3652 884.349429963978 290.943546087016
TobiiStream 3007379600.8546 887.952877361262 291.136684499822
TobiiStream 3007379628.5162 890.239754054785 291.889753952418
TobiiStream 3007379661.3432 882.252000193088 284.735040932053
TobiiStream 3007379690.73 876.718310168526 270.039130014635
TobiiStream 3007379869.4347 934.835964832632 770.064834532765
TobiiStream 3007379900.4145 869.487485360828 773.447969398462
TobiiStream 3007379930.7981 852.866629073873 672.762410702471
TobiiStream 3007379960.7511 840.04535804088 626.650765193067
TobiiStream 3007379991.2311 826.853777960937 553.827227886286
TobiiStream 3007380021.6459 821.58838149998 515.22462890054
TobiiStream 3007380051.7067 807.695728348994 515.357108181003
TobiiStream 3007380081.8254 779.766319805744 513.022853013714
TobiiStream 3007380112.3232 713.816146539291 503.437506469003
TobiiStream 3007380142.67 695.195039639782 483.437281956802
TobiiStream 3007380172.6755 696.219954225283 479.498207371065
TobiiStream 3007380202.765 696.265256855181 489.863451537734
TobiiStream 3007380233.1643 697.0443168357 514.114907803645
TobiiStream 3007380263.2859 698.05920409158 518.353757160883
TobiiStream 3007380293.5761 701.531108309657 522.143672900334
TobiiStream 3007380323.0845 703.97750432189 524.307478188458
TobiiStream 3007380353.2068 708.518094139903 526.0732088154
TobiiStream 3007380383.5369 709.92527722942 534.434100130326
TobiiStream 3007380414.3734 702.565132477472 533.606055177961
TobiiStream 3007380444.3425 699.050506957871 524.594803051695
TobiiStream 3007380474.6574 696.433320996507 525.622192804949
TobiiStream 3007380504.9835 699.190721588243 521.300026963
TobiiStream 3007380535.2109 700.97850932453 529.177887963453
TobiiStream 3007380565.3783 697.617973377924 527.876713408156
TobiiStream 3007380595.7788 703.84237466202 523.18340214878
TobiiStream 3007380625.7329 698.578874109029 519.462663510182
TobiiStream 3007380655.9649 702.592483516476 511.419073675125
TobiiStream 3007380686.3058 697.277055238907 507.350017848664
TobiiStream 3007380715.811 686.39949079732 503.160985294385
TobiiStream 3007380748.7836 688.240471910253 505.830710554922
TobiiStream 3007380778.5235 681.3431252515 504.342382661513
TobiiStream 3007380807.8998 682.102902260896 499.817740622113
TobiiStream 3007380836.7742 684.715507735757 491.534938835403
TobiiStream 3007380869.421 684.777339789205 494.521775719674
TobiiStream 3007380899.2143 685.191680933831 519.186664127118
TobiiStream 3007380927.2935 687.668937258686 511.558096079634
TobiiStream 3007380959.649 677.634222743121 515.723589024157
TobiiStream 3007380989.9387 680.664709319093 511.269069661335
TobiiStream 3007381020.114 683.524802241249 515.447060547116
TobiiStream 3007381050.4269 687.673188422262 517.551378641198
TobiiStream 3007381080.6773 684.072323409259 508.022999116994
TobiiStream 3007381110.445 681.858851018188 511.95217299713
TobiiStream 3007381138.9251 680.882283334122 511.780185199276
TobiiStream 3007381169.0445 680.743394183655 509.505661481392
TobiiStream 3007381201.5095 681.478962496542 512.29246446545
TobiiStream 3007381232.057 685.432311646571 519.367655694005
TobiiStream 3007381261.9115 687.667095009863 524.688102868657
TobiiStream 3007381292.1097 687.581679369281 526.884212005947
TobiiStream 3007381322.0492 687.006857284775 533.78599153572
TobiiStream 3007381352.7363 683.179354340421 538.848902928706
TobiiStream 3007381382.5304 684.967946560663 537.4943995882
TobiiStream 3007381412.6436 685.843232182747 529.300700435614
TobiiStream 3007381443.1651 685.999269674395 530.782922456777
TobiiStream 3007381473.266 685.128765802209 535.03439425094
TobiiStream 3007381503.7585 689.167733060871 534.089783185589
TobiiStream 3007381531.634 688.076184836334 536.377822123214
TobiiStream 3007381564.2009 687.062268991782 538.97633424692
TobiiStream 3007381594.1427 687.803863492351 534.368470201656
TobiiStream 3007381622.0935 688.409248406818 530.414781335904
TobiiStream 3007381654.4168 672.041034773583 527.104042963465
TobiiStream 3007381682.5915 662.294658320968 514.740670987516
TobiiStream 3007381715.0116 659.385425471041 510.297115642438
TobiiStream 3007381745.448 653.477447943243 502.809537629457
TobiiStream 3007381772.9044 653.596278098928 510.679513400204
TobiiStream 3007381805.2995 653.481179176015 508.492044321649
TobiiStream 3007381835.5281 652.936129075451 507.032725261759
TobiiStream 3007381865.8215 652.94842522131 507.664667633118
TobiiStream 3007381895.96 653.812226897383 509.473606967047
TobiiStream 3007381926.2899 657.78229728879 517.188616332852
TobiiStream 3007381956.4221 659.611890002028 516.889138173409
TobiiStream 3007381987.4124 662.38369157048 512.219464081645
TobiiStream 3007382014.7655 661.88743303489 510.828716759762
TobiiStream 3007382047.1934 660.521997913677 508.97492626328
TobiiStream 3007382077.4434 579.267265990689 512.572899175503
TobiiStream 3007382107.3469 577.049098367887 514.20848650126
TobiiStream 3007382135.5206 582.552388993521 519.964555160063
TobiiStream 3007382168.1255 582.651964362887 516.438500652356
TobiiStream 3007382198.2709 584.539836145397 515.754852786094
TobiiStream 3007382228.3406 582.742117419254 517.30122559948
TobiiStream 3007382258.5265 582.366550002793 515.537063124648
TobiiStream 3007382288.9458 581.846839078837 517.960682474383
TobiiStream 3007382319.3978 582.03990021983 515.945245872761
TobiiStream 3007382349.0397 583.262969008188 513.843761776133
TobiiStream 3007382379.5682 580.749074844336 514.074597678032
TobiiStream 3007382409.5348 579.149886829518 515.984291431665
TobiiStream 3007382437.8273 579.571179817928 520.830430943452
TobiiStream 3007382470.0614 576.924214981029 522.990974997414
TobiiStream 3007382500.3207 573.033764301195 522.169290836878
TobiiStream 3007382531.0226 572.888477274772 520.274218728463
TobiiStream 3007382560.7133 576.10514582105 521.615490951821
TobiiStream 3007382591.2262 576.212456928444 524.721040645956
TobiiStream 3007382621.3206 573.677493417042 529.247438400043
TobiiStream 3007382651.2848 577.763627495932 534.226138566039
TobiiStream 3007382681.4852 573.697494865515 534.197826445486
TobiiStream 3007382711.8026 577.224352099039 532.221100421463
TobiiStream 3007382739.9098 575.981021050831 534.035907235961
TobiiStream 3007382769.9248 576.29589366867 534.791477231317
TobiiStream 3007382802.2887 575.482035152439 532.746893936106
TobiiStream 3007382832.6273 574.959585059385 528.415271949144
TobiiStream 3007382863.0908 586.160166842993 528.917270206891
TobiiStream 3007382893.2998 602.376053191428 524.743312880911
TobiiStream 3007382923.6393 607.400326593417 525.812178089616
TobiiStream 3007382951.1379 610.681184524475 521.722455967427
TobiiStream 3007382983.6382 606.584363622751 522.462722476353
TobiiStream 3007383014.206 607.318665122279 523.61170427749
TobiiStream 3007383043.9794 608.136624270153 526.510783625018
TobiiStream 3007383074.5685 610.38891201641 528.403457299945
TobiiStream 3007383104.8705 610.143459259462 528.49271151138
TobiiStream 3007383135.1825 608.928401879884 526.857488519224
TobiiStream 3007383164.7819 608.224235988156 526.709406743108
TobiiStream 3007383195.5577 600.907501534094 532.800009075872
TobiiStream 3007383223.2657 582.12038598273 535.274610432072
TobiiStream 3007383253.4708 577.192771511588 536.070592511819
TobiiStream 3007383283.6406 574.921753687 540.792310437971
TobiiStream 3007383315.7748 577.492247700442 542.820259108551
TobiiStream 3007383344.0291 576.002084199337 541.477764899348
TobiiStream 3007383376.9346 577.077995189133 542.120363499898
TobiiStream 3007383406.2114 573.870231380374 538.075956886652
TobiiStream 3007383436.1439 356.130380427555 575.278035520736
TobiiStream 3007383467.085 336.497647570559 570.208320057396
TobiiStream 3007383497.6646 337.432339484124 562.491781414335
TobiiStream 3007383527.254 335.573423071978 555.595836006415
TobiiStream 3007383557.4097 334.815956744786 562.927241624809
TobiiStream 3007383588.1045 327.638976148896 559.474146487383
TobiiStream 3007383617.9657 327.989361060739 558.714505014796
TobiiStream 3007383648.1469 329.218942397626 557.85847732289
TobiiStream 3007383678.4147 324.253157941748 556.504964295041
TobiiStream 3007383708.5546 323.694293684213 552.209339566426
TobiiStream 3007383738.6565 326.684384059777 552.935934376313
TobiiStream 3007383769.1944 331.830425814219 548.264329484941
TobiiStream 3007383796.9522 322.675392878077 533.496029215749
TobiiStream 3007383829.4226 313.077775673339 530.237764590102
TobiiStream 3007383859.6967 312.298088143378 536.292285274056
TobiiStream 3007383889.9008 313.062191154706 536.271059887954
TobiiStream 3007383920.3898 312.303398159758 530.901369510137
TobiiStream 3007383950.333 312.270859585324 532.329555291025
TobiiStream 3007383980.3913 313.566639384192 532.720611520417
TobiiStream 3007384010.7858 316.741285226875 533.059153583713
TobiiStream 3007384040.7169 313.225937985904 539.173058546226
TobiiStream 3007384071.1995 313.357857897743 533.196355360428
TobiiStream 3007384101.6474 313.00900021684 532.330385870701
TobiiStream 3007384129.2636 312.974754628288 533.942888312197
TobiiStream 3007384161.7648 314.113713864017 541.730338778335
TobiiStream 3007384189.8344 319.779283905303 539.363004829489
TobiiStream 3007384222.0514 321.791935959386 539.475907212842
TobiiStream 3007384252.6902 317.984057123332 535.323651168951
TobiiStream 3007384282.4838 320.840785095836 532.868111200831
TobiiStream 3007384310.7817 319.231353517864 536.850506235554
TobiiStream 3007384343.7565 323.161955742562 539.296828634444
TobiiStream 3007384373.2254 322.550516770334 540.076432949019
TobiiStream 3007384403.8606 322.423816656884 540.722316407899
TobiiStream 3007384433.9196 322.461681766629 537.625860906273
TobiiStream 3007384464.2655 322.702815514544 541.024154052752
TobiiStream 3007384494.511 322.492235636633 533.177615515664
TobiiStream 3007384524.5083 322.434455436174 532.640224604517
TobiiStream 3007384554.919 320.860507759538 530.861161842826
TobiiStream 3007384584.8945 317.110536011231 532.685973067847
TobiiStream 3007384615.3342 315.784143734048 535.409261555052
TobiiStream 3007384644.6605 317.508685444393 539.624818091286
TobiiStream 3007384675.1945 315.099294550464 546.809889997539
TobiiStream 3007384704.4853 314.884358320999 547.729429572214
TobiiStream 3007384734.6665 315.90847084872 555.600885713262
TobiiStream 3007384765.1368 315.482397392185 554.951184438256
TobiiStream 3007384794.9766 311.500511285281 534.738647850523
TobiiStream 3007384825.5081 312.476176394529 539.790634404048
TobiiStream 3007384855.5708 311.934625432364 540.735903302127
TobiiStream 3007384886.0276 311.598408763522 546.905490053142
TobiiStream 3007384916.8882 310.273919902025 543.9440400199
TobiiStream 3007384947.1887 306.080580841678 528.422644160894
TobiiStream 3007384977.8534 312.71354540835 537.84642349008
TobiiStream 3007385006.1642 315.104200952987 533.978404457065
TobiiStream 3007385037.2529 316.264358387398 540.379784039745
TobiiStream 3007385068.0463 316.595287307224 537.330574067575
TobiiStream 3007385098.5396 316.705813577336 538.620270687651
TobiiStream 3007385129.0469 316.48289369478 540.616074650807
TobiiStream 3007385159.1532 316.889808535942 546.457652765546
TobiiStream 3007385189.0812 324.568649473411 545.858126589042
TobiiStream 3007385219.4223 329.818064207364 545.655133686192
TobiiStream 3007385248.8697 341.612414797054 558.426419362036
TobiiStream 3007385279.7557 344.168742866764 559.079761564093
TobiiStream 3007385309.6951 343.439013370908 558.549879210869
TobiiStream 3007385340.3136 340.864395332835 558.191176152563
TobiiStream 3007385370.5856 335.77029103482 560.46408879563
TobiiStream 3007385400.3202 333.086991371849 561.189632785981
TobiiStream 3007385430.5659 321.085358504487 557.491239792972
TobiiStream 3007385461.2026 325.215854299662 555.795127112423
TobiiStream 3007385490.189 321.989376842512 554.708969923498
TobiiStream 3007385697.7616 1471.76670718691 1623.22670157512
TobiiStream 3007385729.715 1217.40342778997 777.320648175174
TobiiStream 3007385760.3089 1168.76178268435 583.995500929659
TobiiStream 3007385791.8223 962.175921639557 466.519671232708
TobiiStream 3007385822.1432 913.513654898364 417.446972433013
TobiiStream 3007385851.9287 834.835143355735 334.969328330018
TobiiStream 3007385882.1899 833.172568647441 295.437077464976
TobiiStream 3007385912.2579 832.74446729095 281.567155068775
TobiiStream 3007385942.2836 832.631782552042 258.298429229046
TobiiStream 3007385972.1708 835.606324383213 227.16245068848
TobiiStream 3007386002.8663 837.772497564865 230.042585610639
TobiiStream 3007386033.3079 830.655784878315 247.091987519512
TobiiStream 3007386062.4106 824.172293941142 259.643330089167
TobiiStream 3007386094.8718 813.328933960972 261.208108194443
TobiiStream 3007386125.7406 811.573830090874 258.308748505901
TobiiStream 3007386155.8398 806.023686766612 256.74817908471
TobiiStream 3007386186.1034 808.869547299122 253.419778305417
TobiiStream 3007386213.5771 808.425628886422 258.804542479733
TobiiStream 3007386246.0585 809.489534037197 257.148065524341
TobiiStream 3007386274.0181 809.20625541711 258.159538992409
TobiiStream 3007386306.2284 809.528244651244 257.888277386168
TobiiStream 3007386336.6874 810.014799523694 254.009289431092
TobiiStream 3007386366.3804 812.515018468175 246.997415968265
TobiiStream 3007387118.1905 971.11433876081 245.516613543058
TobiiStream 3007387147.9531 938.620362254655 278.057054287908
TobiiStream 3007387178.028 922.063027063671 234.803905331131
TobiiStream 3007387208.3865 935.6094107922 245.090800854643
TobiiStream 3007387239.0421 948.170979363534 243.416976907668
TobiiStream 3007387269.6871 955.228694176291 243.839542302209
TobiiStream 3007387300.0991 952.632594109301 246.708913210003
TobiiStream 3007387328.8878 938.680946619257 231.164400618811
TobiiStream 3007387360.297 934.861850712345 221.334523284839
TobiiStream 3007387389.5468 921.293733953187 208.251853580062
TobiiStream 3007387450.8179 943.884236140626 234.506677791206
TobiiStream 3007387482.0699 945.573539824903 230.481067521762
TobiiStream 3007387512.868 940.606972102028 211.708502855546
TobiiStream 3007387542.2878 935.621301141832 195.770657048066
TobiiStream 3007387572.5848 935.61011254537 186.25936124343
TobiiStream 3007387602.7999 929.766391572689 156.173258487522
TobiiStream 3007387633.171 933.16200751312 159.782645586681
TobiiStream 3007387663.2454 931.986134016464 157.234121131192
TobiiStream 3007387693.8176 926.575393074945 151.214747169296
TobiiStream 3007387723.552 921.386259038881 147.862738857396
TobiiStream 3007387753.3673 924.123670438004 150.90513387033
TobiiStream 3007387783.4292 934.901190286676 160.932008617872
TobiiStream 3007387813.445 754.956871113173 200.686698886011
TobiiStream 3007387843.8425 731.625160305306 204.090852676263
TobiiStream 3007387873.7923 754.413763695143 179.37464489864
TobiiStream 3007387903.9677 754.449798465707 193.771193733082
TobiiStream 3007387934.4006 751.974496003833 177.517464774911
TobiiStream 3007387964.644 750.820245074174 188.344920728788
TobiiStream 3007387995.1399 750.744019381472 183.50360032445
TobiiStream 3007388024.8268 746.30849754546 185.992525713165
TobiiStream 3007388055.9029 739.982958570245 178.310554022107
TobiiStream 3007388086.4148 737.567904511867 177.874487053604
TobiiStream 3007388116.5145 739.812676306208 168.751976174295
TobiiStream 3007388146.8327 734.706379939271 168.903609757722
TobiiStream 3007388176.4355 732.113743668839 169.166521168992
TobiiStream 3007388206.9551 738.354539739934 173.157686998397
TobiiStream 3007388236.7848 740.225711578215 172.186550296954
TobiiStream 3007388266.6329 739.568126488326 174.926786260135
TobiiStream 3007388297.2516 733.990319978505 175.630058935693
TobiiStream 3007388327.9375 732.604338535419 176.018977276141
TobiiStream 3007388358.5682 1046.88972169759 161.128014711427
TobiiStream 3007388389.0335 1059.70164757764 160.596794032704
TobiiStream 3007388419.4111 1053.32892808323 153.070973005818
TobiiStream 3007388449.1744 1048.00689744433 152.049107376841
TobiiStream 3007388477.5073 1050.68324722841 156.616166835139
TobiiStream 3007388505.4132 1051.6243208144 161.217015969345
TobiiStream 3007388538.3904 1056.98821504875 168.629697075371
TobiiStream 3007388569.3522 1062.94421295907 181.112046618167
TobiiStream 3007388599.4138 1064.90459403942 190.336700892327
TobiiStream 3007388629.8033 1064.97075076461 189.335045809564
TobiiStream 3007388660.1873 1064.8146948459 189.349746119704
TobiiStream 3007388690.3195 893.379608370665 159.379975267523
TobiiStream 3007388718.4924 872.962967780796 161.211233880001
TobiiStream 3007388748.6457 875.327911024935 166.378426659582
TobiiStream 3007388777.9867 873.986122113572 170.148863657824
TobiiStream 3007388809.889 874.882958470619 173.432551686719
TobiiStream 3007388840.4085 881.650995356877 186.121276151416
TobiiStream 3007388871.4308 881.079263504941 187.127270206974
TobiiStream 3007388899.7104 732.807338403151 227.298377873585
TobiiStream 3007388935.5184 726.03793818164 219.213779154595
TobiiStream 3007388961.7049 723.359631935317 203.773346210444
TobiiStream 3007388993.8968 737.612603529493 220.430306526883
TobiiStream 3007389024.5195 739.3160373711 216.017099645201
TobiiStream 3007389051.6514 732.276938428005 217.362936177005
TobiiStream 3007389084.7828 734.145803372437 217.1914204034
TobiiStream 3007389115.6138 935.000145451065 217.238820910758
TobiiStream 3007389145.6754 942.212888337494 217.676389145564
TobiiStream 3007389174.8321 935.88805921141 216.966896323181
TobiiStream 3007389205.3254 937.198348231277 213.548554897314
TobiiStream 3007389233.7459 940.581278767284 208.34237618038
TobiiStream 3007389267.6886 1136.56090900917 547.127927309155
TobiiStream 3007389297.7545 1144.21718623258 637.519567336087
TobiiStream 3007389328.0178 1132.17639551595 688.415886730479
TobiiStream 3007389358.075 1122.56657305799 657.716409924796
TobiiStream 3007389388.4077 1120.0597398453 647.179610902867
TobiiStream 3007389415.4952 1117.35427610221 640.987977969567
TobiiStream 3007389445.6708 1113.03975153809 641.558228794871
TobiiStream 3007389476.0525 1118.2592324732 641.999279348559
TobiiStream 3007389506.239 1121.3612722346 644.339868549123
TobiiStream 3007389536.3285 1192.12878312219 525.69777169673
TobiiStream 3007389566.7417 1199.47667474319 509.509178604775
TobiiStream 3007389596.8698 1194.40942993951 513.11418363668
TobiiStream 3007389627.2618 1197.94274488653 508.471868158478
TobiiStream 3007389657.0093 1195.66402710891 515.860278038185
TobiiStream 3007389687.687 1631.89916282268 479.372022719876
TobiiStream 3007389717.4509 1652.90564630967 472.562515938241
TobiiStream 3007389748.0468 1634.69110807376 461.421441370392
TobiiStream 3007389778.135 1630.5172009911 465.617948454591
TobiiStream 3007389808.215 1630.31102421581 465.025883191903
TobiiStream 3007389838.3958 1630.29951725801 468.866422832944
TobiiStream 3007389869.225 1628.82212586894 479.432997640842
TobiiStream 3007389898.8269 1614.86536562508 475.795550196132
TobiiStream 3007389928.9489 1555.49542274418 459.955291320951
TobiiStream 3007389959.1362 1546.94858349663 463.558018924159
TobiiStream 3007389989.5316 1545.61941150345 469.780606215773
TobiiStream 3007390019.5304 1544.25493892889 476.36014135275
TobiiStream 3007390049.9107 1543.55131576092 475.136996892868
TobiiStream 3007390080.173 1541.4789484884 469.322308874978
TobiiStream 3007390110.3862 1540.04761757611 465.55465672602
TobiiStream 3007390140.9181 1541.68856703439 471.368850339546
TobiiStream 3007390170.8574 1540.71991541752 468.048092913543
TobiiStream 3007390201.181 1542.36094704095 475.550338096573
TobiiStream 3007390231.3712 1540.2735735678 474.082298275626
TobiiStream 3007390261.6763 1539.89984203997 474.109363373915
TobiiStream 3007390291.9093 1538.96399068617 477.585005576755
TobiiStream 3007390321.9981 1540.84486418909 476.348669182268
TobiiStream 3007390352.0001 1542.75176300883 475.729338897839
TobiiStream 3007390382.4004 1543.20272280842 478.198943879105
TobiiStream 3007390412.6434 1542.3300748147 482.707415981296
TobiiStream 3007390442.8285 1544.44478791561 481.116798657676
TobiiStream 3007390472.7971 1546.93136613577 478.072697736561
TobiiStream 3007390503.1382 1546.07443739563 474.500683129751
TobiiStream 3007390532.9328 1545.36122113776 470.700191245625
TobiiStream 3007390563.2835 1544.92225047373 472.807562503977
TobiiStream 3007390593.7732 1544.07604237925 474.000761741911
TobiiStream 3007390623.8717 1541.95004616497 468.220948277569
TobiiStream 3007390654.0374 1538.79758968883 453.311417881471
TobiiStream 3007390684.1332 1538.7700252772 461.627117962165
TobiiStream 3007390714.3725 1537.463376293 459.61060941432
TobiiStream 3007390744.7656 1538.30521216179 453.665952236203
TobiiStream 3007390774.96 1538.23663280779 457.016371252107
TobiiStream 3007390805.1778 1537.55381816068 458.860233978399
TobiiStream 3007390835.4081 1535.54451459941 461.47891977866
TobiiStream 3007390865.5457 1535.3318882624 462.829106527914
TobiiStream 3007390895.9025 1536.32288270708 464.642800419611
TobiiStream 3007390926.0768 1536.06253870823 462.37628970408
TobiiStream 3007390956.2125 1536.15582956905 456.940613338562
TobiiStream 3007390986.1244 1536.57592754934 459.474942555971
TobiiStream 3007391016.436 1535.80181025064 459.778651009341
TobiiStream 3007391046.8534 1533.67408711169 458.380983388712
TobiiStream 3007391076.8793 1534.25574792772 459.411210458801
TobiiStream 3007391107.2689 1533.47957486902 464.48257265067
TobiiStream 3007391137.5302 1535.40092502543 465.635611725007
TobiiStream 3007391167.7047 1529.63564578463 466.675131081074
TobiiStream 3007391197.9061 1531.57759253847 465.942133276218
TobiiStream 3007391227.9925 1529.35893117215 467.406111993393
TobiiStream 3007391258.3294 1528.94887676891 472.232729420619
TobiiStream 3007391288.3277 1527.17586379405 477.299768118887
TobiiStream 3007391318.7836 1527.56399501738 474.182752013891
TobiiStream 3007391348.8972 1527.91220049581 472.907870685749
TobiiStream 3007391379.2592 1525.03700285047 480.089093113463
TobiiStream 3007391409.5491 1522.62435186315 477.557466287406
TobiiStream 3007391439.4589 1521.12720050958 474.988179662984
TobiiStream 3007391469.7754 1519.80609131882 474.219697319103
TobiiStream 3007391500.2181 1519.14045691247 474.337654276386
TobiiStream 3007391530.3406 1521.80764930452 475.773576577889
TobiiStream 3007391560.5875 1521.77824667065 477.384417119777
TobiiStream 3007391590.6359 1519.43355232475 481.339095069887
TobiiStream 3007391621.0131 1509.85015912467 475.910177259313
TobiiStream 3007391771.3837 1157.63484252698 396.134998722389
TobiiStream 3007391800.7721 796.483932581979 188.19751854425
TobiiStream 3007391831.8387 794.54389595032 186.082018157502
TobiiStream 3007391862.5721 794.15805510987 178.775980809075
TobiiStream 3007391892.808 793.677443362589 180.230914935738
TobiiStream 3007391923.1441 791.525723550561 176.725243849151
TobiiStream 3007391953.4742 792.2043090835 174.805214124124
TobiiStream 3007391983.7507 793.638166898183 172.667384128029
TobiiStream 3007392013.9129 793.67681017292 174.105941379513
TobiiStream 3007392043.8157 919.795654015909 214.111570345104
TobiiStream 3007392074.129 930.576548290094 215.850336526453
TobiiStream 3007392107.8297 934.422019732109 211.401622593924
TobiiStream 3007392134.4651 934.749420011603 207.435257939553
TobiiStream 3007392164.6327 930.09154500769 203.765820155068
TobiiStream 3007392194.7332 927.926688302997 205.120249145547
TobiiStream 3007392225.0134 926.220892784187 209.722644127579
TobiiStream 3007392255.2733 926.29822550744 212.27980224329
TobiiStream 3007392285.8475 927.51597652384 223.710315759991
TobiiStream 3007392315.6267 932.965614905186 256.155685419003
TobiiStream 3007392345.8711 957.06283936448 804.046926606933
TobiiStream 3007392376.1866 958.157744714959 826.970267940273
TobiiStream 3007392406.1935 956.191429624051 811.075517594594
TobiiStream 3007392439.4567 958.651540590824 815.094413921711
TobiiStream 3007392466.5386 956.235539259985 811.911897559373
TobiiStream 3007392496.8164 953.299584325708 811.872609278667
TobiiStream 3007392527.1879 953.059143802905 810.104978400544
TobiiStream 3007392557.3254 955.256890840533 809.132530839539
TobiiStream 3007392590.3772 952.282852634626 813.632284034878
TobiiStream 3007392617.7455 932.59769073975 843.930651394969
TobiiStream 3007392647.8285 929.125222393913 883.567286483752
TobiiStream 3007392678.1122 924.964240784413 947.16936133364
TobiiStream 3007392708.4983 924.567621170817 943.075129945996
TobiiStream 3007392738.4966 924.242584308703 939.224234248928
TobiiStream 3007392768.8011 921.058696221256 941.618924289002
TobiiStream 3007392798.9377 919.988610613618 945.97854527569
TobiiStream 3007392829.1278 922.448396937493 947.276630543288
TobiiStream 3007392859.4873 924.849976717789 948.7030909096
TobiiStream 3007392889.564 921.177806530084 956.961848666373
TobiiStream 3007392919.751 920.47878240585 980.45372145726
TobiiStream 3007392949.9437 920.173432289536 992.202364518675
TobiiStream 3007392983.6551 921.112909963515 991.462560111628
TobiiStream 3007393010.4549 925.112442236747 996.169003406988
TobiiStream 3007393040.631 925.492093643493 994.688837085957
TobiiStream 3007393070.8716 928.53343608656 999.14477963992
TobiiStream 3007393101.0571 927.553094029351 999.993095084433
TobiiStream 3007393131.2999 924.94640407129 1000.3456401198
TobiiStream 3007393161.4289 922.051969843967 999.017246588151
TobiiStream 3007393191.6697 918.51186409873 1003.49007920499
TobiiStream 3007393221.9878 918.200971098411 1004.20756435428
TobiiStream 3007393252.4197 917.667019532247 1001.99799509692
TobiiStream 3007393282.1673 918.844558874049 997.584852501781
TobiiStream 3007393312.4942 919.037873565269 1000.91513045558
TobiiStream 3007393342.689 920.837286290376 1003.11505139203
TobiiStream 3007393372.849 919.981310856087 1004.32020509782
TobiiStream 3007393403.1241 924.06214278606 1000.1790027662
TobiiStream 3007393433.2006 922.572782108833 1000.17603977073
TobiiStream 3007393463.3302 923.130802086241 1000.6672189319
TobiiStream 3007393493.6971 920.22618554812 1001.21085354498
TobiiStream 3007393524.0026 920.514787783659 999.350723042858
TobiiStream 3007393557.3936 924.156262509862 998.43513761282
TobiiStream 3007393584.4314 926.452141671467 999.527015877664
TobiiStream 3007393614.5231 925.894941419286 999.218048336178
TobiiStream 3007393644.9009 924.239486314044 995.545021360002
TobiiStream 3007393675.3716 921.272639883243 991.36261114544
TobiiStream 3007393705.3696 923.369962685987 991.589994780978
TobiiStream 3007393735.3227 920.715591525232 988.973304677649
TobiiStream 3007393765.543 922.534751555717 987.456231248612
TobiiStream 3007393795.9628 925.246657494182 990.643010820982
TobiiStream 3007393826.0231 926.116122998362 993.422266109546
TobiiStream 3007393855.8781 926.429848467147 996.280472232125
TobiiStream 3007393886.3005 925.158720353811 994.60401614956
TobiiStream 3007393916.5419 928.334112001831 986.620910749132
TobiiStream 3007393950.8896 926.969040921749 984.783261840433
TobiiStream 3007393977.0609 926.45071378598 983.222525611753
TobiiStream 3007394008.4694 926.519694788261 983.198965712712
TobiiStream 3007394037.6294 867.166965064974 227.888548573065
TobiiStream 3007394067.9726 866.773022709093 223.26442200729
TobiiStream 3007394101.2793 863.8605743973 240.632808726035
TobiiStream 3007394132.1484 863.996910540835 238.810871074073
TobiiStream 3007394158.6015 864.541151453548 240.208112282015
TobiiStream 3007394189.0678 861.684159124535 241.666362591321
TobiiStream 3007394219.1258 856.228497017737 239.97367700704
TobiiStream 3007394252.4785 854.58627540146 242.724738343284
TobiiStream 3007394279.4464 854.034211816703 242.199993562705
TobiiStream 3007394312.2901 853.056572132168 231.222771757041
TobiiStream 3007394339.6906 869.368011922521 231.194814645998
TobiiStream 3007394373.2586 936.159414436887 230.899391215708
TobiiStream 3007394403.2849 953.035412805693 238.947760991968
TobiiStream 3007394430.1923 952.466984927168 241.84280710881
TobiiStream 3007394460.358 955.546109910235 237.754318246203
TobiiStream 3007394490.2884 957.874582312743 235.59423734183
TobiiStream 3007394520.9001 956.680832773787 241.963805233235
TobiiStream 3007394551.2686 947.950793752553 241.135245022744
TobiiStream 3007394581.4612 938.394616372738 235.52765984998
TobiiStream 3007394611.5133 904.906819346204 209.953886160496
TobiiStream 3007394641.7846 893.205712576266 200.129392242076
TobiiStream 3007394671.8825 895.839281443116 199.762581157066
TobiiStream 3007394702.4308 894.542950682229 197.447937643356
TobiiStream 3007394735.7793 896.612393177052 193.129984681796
TobiiStream 3007394762.7561 895.574867300904 197.863520348258
TobiiStream 3007394792.7471 897.230494734868 202.012903269659
TobiiStream 3007394825.569 900.906402214612 191.445112988355
TobiiStream 3007394853.2597 919.89147657384 57.5782424511748
TobiiStream 3007394883.4643 919.665733861391 52.4133806296376
TobiiStream 3007394916.5358 918.224354674455 49.9828629290739
TobiiStream 3007394947.0215 917.009379140279 50.5835480020777
TobiiStream 3007394974.0141 916.397953989479 52.8583568564627
TobiiStream 3007395004.2513 913.769649365749 59.2216959247728
TobiiStream 3007395034.306 913.845253657681 61.4770878419924
TobiiStream 3007395067.2966 913.017946638675 61.8378154626329
TobiiStream 3007395094.6483 914.133309565079 62.3638807990601
TobiiStream 3007395124.92 914.800435102273 62.3186516477694
TobiiStream 3007395155.0122 913.990925606253 64.5213610438553
TobiiStream 3007395188.6882 913.1150551284 65.5288537253455
TobiiStream 3007395215.729 909.252962359576 70.3469449737564
TobiiStream 3007395245.7472 911.443764695677 70.72294101909
TobiiStream 3007395276.1462 911.445403708075 68.883767415321
TobiiStream 3007395306.1632 911.723953818194 68.0398513506296
TobiiStream 3007395340.1148 909.31134627239 69.2819550547735
TobiiStream 3007395366.9016 910.340092278239 69.8985209303901
TobiiStream 3007395396.8504 912.691747369382 67.9104013083222
TobiiStream 3007395427.0136 929.283156559428 54.319152450266
TobiiStream 3007395457.1298 939.802337586841 34.361827747036
TobiiStream 3007395487.365 956.095053772844 2.28135565740576
TobiiStream 3007395517.7675 955.265062752599 -3.88103147985489
TobiiStream 3007395548.0094 956.768091001728 -1.14659761618477
TobiiStream 3007395578.1187 954.766721338618 -4.90645687385843
TobiiStream 3007395608.3538 954.730365233319 -4.00874981549237
TobiiStream 3007395641.7062 951.66584730016 0.155430028760097
TobiiStream 3007395672.5069 952.117091029786 -0.318456981066513
TobiiStream 3007395699.0744 951.790214032519 3.83551030901231
TobiiStream 3007395729.1519 948.394851517438 6.24822870981765
TobiiStream 3007395759.3285 949.672845994032 6.98273049334743
TobiiStream 3007395789.8718 946.796611756516 8.23199581705394
TobiiStream 3007395820.1654 946.088785034646 8.61406459782509
TobiiStream 3007395850.1274 947.803693521672 7.30523778375302
TobiiStream 3007395880.587 948.173148821882 8.57101831134843
TobiiStream 3007395913.0184 947.966670618227 8.12044139984415
TobiiStream 3007395940.7165 948.342706840771 7.51271499115633
TobiiStream 3007395970.8346 947.695640577681 6.3899756136661
TobiiStream 3007396004.1558 947.993148246714 10.5831054767993
TobiiStream 3007396031.2978 948.018757825879 8.92089359056079
TobiiStream 3007396061.4392 948.14548464507 9.09444280354622
TobiiStream 3007396091.7843 948.669985875649 11.8306803528015
TobiiStream 3007396121.4172 946.349205456748 17.052154910281
TobiiStream 3007396155.3525 946.305934072767 17.3463202496144
TobiiStream 3007396185.9406 948.364485334325 14.7555381276274
TobiiStream 3007396212.6345 949.258711955212 12.2791207873583
TobiiStream 3007396242.6717 940.660858816186 0.102343297741423
TobiiStream 3007396276.4 939.827297837208 -1.08682474996001
TobiiStream 3007396303.0211 944.553113470545 3.64070623363971
TobiiStream 3007396336.5055 945.815839564416 3.33704466004258
TobiiStream 3007396363.6789 944.602224873962 3.24194999883281
TobiiStream 3007396393.8144 941.084706675964 1.90623635513216
TobiiStream 3007396423.7687 944.500570197406 6.73638127638695
TobiiStream 3007396453.9458 948.871101329864 16.6410187397397
TobiiStream 3007396484.2307 948.792669053538 9.38090960760074
TobiiStream 3007396514.6428 947.335801782354 9.48050865828657
TobiiStream 3007396544.8166 942.054270071857 11.3684041745157
TobiiStream 3007396574.9867 942.769086934198 10.8989233603712
TobiiStream 3007396605.0145 941.749701671594 9.25282162530641
TobiiStream 3007396635.0682 943.698532131987 7.18610976804597
TobiiStream 3007396665.4929 946.817083972859 8.19660970261038
TobiiStream 3007396695.8441 946.727354245527 9.42378665311963
TobiiStream 3007396726.0858 945.512648777261 14.1457810883217
TobiiStream 3007396756.2104 947.233096459667 14.0291102900955
TobiiStream 3007396789.5261 949.07170877452 7.86204285046776
TobiiStream 3007396816.748 948.627466829799 8.79630056680791
TobiiStream 3007396849.9981 951.919783820635 14.8034555084959
TobiiStream 3007396877.0023 949.607648510175 19.0831527226452
TobiiStream 3007396907.2208 950.265180561133 18.4502383922419
TobiiStream 3007396940.3814 950.504084436484 13.450871366464
TobiiStream 3007396967.5381 951.715931668041 11.219707368863
TobiiStream 3007396997.9541 952.01575748961 18.7249551664236
TobiiStream 3007397028.1558 953.028964625402 19.6179399967308
TobiiStream 3007397058.7158 951.122158739054 23.8492904190885
TobiiStream 3007397088.5057 950.925465957722 23.0506946719205
TobiiStream 3007397117.2683 948.707208723044 19.0903459999803
TobiiStream 3007397147.3815 954.971956153059 7.79429152985228
TobiiStream 3007397177.6012 947.762879824729 1.19232632175639
TobiiStream 3007397207.7599 952.185456203213 -0.257480544302835
TobiiStream 3007397239.6378 947.871294709266 5.08956881860774
TobiiStream 3007397269.9347 950.766344051968 7.12533144606919
TobiiStream 3007397303.4442 951.602221749557 24.5735107190119
TobiiStream 3007397330.2865 950.270190383059 27.578176534731
TobiiStream 3007397360.3811 950.722587766193 27.6976992058888
TobiiStream 3007397388.4624 942.273065669108 739.853811682348
TobiiStream 3007397420.7889 935.084802354689 858.619307950091
TobiiStream 3007397450.7706 933.563381408891 832.925767303824
TobiiStream 3007397481.0815 937.812074758816 827.270031576327
TobiiStream 3007397511.0453 940.971914762006 828.915923865246
TobiiStream 3007397541.4194 937.397042093821 830.957727665823
TobiiStream 3007397571.6687 937.940138555516 830.888907298747
TobiiStream 3007397601.9011 872.570716645524 836.84387807016
TobiiStream 3007397632.0799 870.831778700796 837.144889079263
TobiiStream 3007397662.1043 877.235999064473 831.62485165055
TobiiStream 3007397692.4435 876.231128491877 833.126002655564
TobiiStream 3007397726.5101 876.263657143844 836.052180827919
TobiiStream 3007397752.5701 874.767762726844 840.837658875433
TobiiStream 3007397874.2306 814.051154641544 1815.19250844358
TobiiStream 3007397904.377 826.704958602645 1715.46864926983
TobiiStream 3007397934.6414 810.762100386963 1749.33420159137
TobiiStream 3007397964.6509 818.405431495968 1772.18523640987
TobiiStream 3007397996.1406 817.695519444571 1812.16136798958
TobiiStream 3007398025.0924 855.310422593864 1829.03452474127
TobiiStream 3007398054.8306 838.592964814526 1848.25069399555
TobiiStream 3007398083.2652 823.395937463287 1797.83288297097
TobiiStream 3007398114.0173 858.032459642721 1635.03800865392
TobiiStream 3007398142.1888 984.037323959318 1002.07873638425
TobiiStream 3007398176.0623 1067.49788220852 832.33064074231
TobiiStream 3007398204.7747 1072.98095838937 593.817023632092
TobiiStream 3007398234.5697 977.003033676703 461.267521808419
TobiiStream 3007398265.129 953.101467219471 468.334736501623
TobiiStream 3007398295.4796 948.746245548191 484.715773694639
TobiiStream 3007398325.5197 949.586867860973 489.409250366315
TobiiStream 3007398355.8875 946.299293547249 477.855999464834
TobiiStream 3007398389.0042 952.737757916311 469.875010494417
TobiiStream 3007398416.1851 952.189936605066 463.862013087592
TobiiStream 3007398446.5911 1168.03810296948 -38.6354976636353
TobiiStream 3007398480.3319 1171.17321015584 -43.9879951459441
TobiiStream 3007398507.046 1167.64856715564 -16.2729053593264
TobiiStream 3007398537.2882 1173.15793731505 -25.3144840298601
TobiiStream 3007398568.4928 1176.25132744244 -20.5644046049147
TobiiStream 3007398598.6353 1177.85445955365 -16.4525779468635
TobiiStream 3007398629.5321 1168.10871637789 18.002692121425
TobiiStream 3007398659.9354 1166.43628309586 36.4513523442942
TobiiStream 3007398694.5567 1161.31855191296 37.9581612272854
TobiiStream 3007398720.2285 1150.41818323478 87.3426029540078
TobiiStream 3007398750.7423 1150.00778479038 96.7548612237251
TobiiStream 3007398779.684 1148.90882072163 124.291978248758
TobiiStream 3007398810.2291 1148.80237965979 112.346505388776
TobiiStream 3007398839.666 1148.34787356235 130.138914139306
TobiiStream 3007398873.2603 1148.31521429445 130.125593654668
TobiiStream 3007398897.5912 1148.43904962123 130.811180186264
TobiiStream 3007398931.7377 1031.23144276454 530.155801332364
TobiiStream 3007398963.6607 1010.63285377335 523.156377822562
TobiiStream 3007398993.6358 892.267402870013 464.363802985521
TobiiStream 3007399020.1971 894.754896531717 437.95025865061
TobiiStream 3007399054.2618 895.530961119821 448.555695540797
TobiiStream 3007399080.8552 890.194155154589 447.617992874517
TobiiStream 3007399110.7077 897.392099027459 453.909660956378
TobiiStream 3007399140.9793 896.699648156645 455.7955786219
TobiiStream 3007399171.0628 891.539954034509 454.700286766276
TobiiStream 3007399201.8112 903.914821428637 444.370837850806
TobiiStream 3007399232.3184 967.543251907411 394.529204984705
TobiiStream 3007399262.0264 978.589186923407 341.218055530718
TobiiStream 3007399292.8779 1002.07414560194 167.468235052349
TobiiStream 3007399322.9078 995.735657169587 176.188461059754
TobiiStream 3007399357.4799 994.785481606003 173.72251252337
TobiiStream 3007399383.9979 990.407088161967 177.115526280765
TobiiStream 3007399413.8835 986.920713472788 176.10222598518
TobiiStream 3007399443.6986 982.983748943312 179.093242017091
TobiiStream 3007399474.2934 984.259760117841 178.73656372116
TobiiStream 3007399504.6318 988.618237103346 179.957476695405
TobiiStream 3007399535.6914 987.160744567676 181.763354694888
TobiiStream 3007399566.2786 985.06989364795 186.887231732547
TobiiStream 3007399596.5013 989.135829358935 192.333398052159
TobiiStream 3007399626.2634 1139.60411453918 357.532767655389
TobiiStream 3007399656.736 1184.31552932381 400.913760991534
TobiiStream 3007399686.9581 1186.29776218343 396.716426937651
TobiiStream 3007399716.6393 1186.85672355167 395.501318158937
TobiiStream 3007399745.3133 1483.81230942581 206.914089236768
TobiiStream 3007399777.4895 1607.35446600674 122.731881479577
TobiiStream 3007399807.6342 1599.0294559493 120.032831119666
TobiiStream 3007399838.073 1595.75874653969 117.697645634092
TobiiStream 3007399867.9284 1591.22001646527 114.520933510118
TobiiStream 3007399898.2673 1591.06352296592 115.596312112409
TobiiStream 3007399928.2454 1596.22536441621 122.838181226317
TobiiStream 3007399958.5101 1596.13671425709 122.355111602954
TobiiStream 3007399988.9891 1593.36588927925 124.453183281677
TobiiStream 3007400019.1376 1592.72919494293 123.036842532369
TobiiStream 3007400049.2711 1593.83634044287 122.76926740597
TobiiStream 3007400079.6372 1599.06642924322 121.546095444921
TobiiStream 3007400109.5459 1597.56302405656 121.139524329515
TobiiStream 3007400140.1181 1595.19069066435 119.033273444558
TobiiStream 3007400170.0295 1591.12779279407 121.109670396304
TobiiStream 3007400200.3774 1588.63245326936 125.536260288209
TobiiStream 3007400230.1986 1585.8230908682 127.513101838441
TobiiStream 3007400260.6148 1585.71045942872 127.120707915868
TobiiStream 3007400290.9096 1586.27267857874 125.426555240279
TobiiStream 3007400321.1922 1588.45674789601 123.559197934391
TobiiStream 3007400351.6696 1590.31065210528 121.473463660219
TobiiStream 3007400381.6962 1579.06125970025 132.974921187334
TobiiStream 3007400411.9264 1575.8913323273 136.697215442748
TobiiStream 3007400445.9147 1285.54681578931 124.036974851614
